920
-0.02 0
-0.00909091 0
-1.73472e-18 0
0.00501176 0
0.00918823 0
0.0126686 0
0.0155689 0
0.0179859 0
0.02 0
0.0225 0
0.025 0
0.0283333 0
0.0316667 0
0.035 0
0.0375 0
0.04 0
0.0422222 0
0.0444444 0
0.0466667 0
0.0488889 0
0.0511111 0
0.0533333 0
0.0555556 0
0.0577778 0
0.06 0
0.0625 0
0.065 0
0.0683333 0
0.0716667 0
0.075 0
0.0775 0
0.08 0
0.0820141 0
0.0844311 0
0.0873314 0
0.0908118 0
0.0949882 0
0.1 0
0.109091 0
0.12 0
-0.02 0.002
-0.00909091 0.002
-1.73472e-18 0.002
0.00501176 0.002
0.00918823 0.002
0.0126686 0.002
0.0155689 0.002
0.0179859 0.002
0.02 0.002
0.0225 0.002
0.025 0.002
0.0283333 0.002
0.0316667 0.002
0.035 0.002
0.0375 0.002
0.04 0.002
0.0422222 0.002
0.0444444 0.002
0.0466667 0.002
0.0488889 0.002
0.0511111 0.002
0.0533333 0.002
0.0555556 0.002
0.0577778 0.002
0.06 0.002
0.0625 0.002
0.065 0.002
0.0683333 0.002
0.0716667 0.002
0.075 0.002
0.0775 0.002
0.08 0.002
0.0820141 0.002
0.0844311 0.002
0.0873314 0.002
0.0908118 0.002
0.0949882 0.002
0.1 0.002
0.109091 0.002
0.12 0.002
-0.02 0.00454535
-0.00909091 0.00454535
-1.73472e-18 0.00454535
0.00501176 0.00454535
0.00918823 0.00454535
0.0126686 0.00454535
0.0155689 0.00454535
0.0179859 0.00454535
0.02 0.00454535
0.0225 0.00454535
0.025 0.00454535
0.0283333 0.00454535
0.0316667 0.00454535
0.035 0.00454535
0.0375 0.00454535
0.04 0.00454535
0.0422222 0.00454535
0.0444444 0.00454535
0.0466667 0.00454535
0.0488889 0.00454535
0.0511111 0.00454535
0.0533333 0.00454535
0.0555556 0.00454535
0.0577778 0.00454535
0.06 0.00454535
0.0625 0.00454535
0.065 0.00454535
0.0683333 0.00454535
0.0716667 0.00454535
0.075 0.00454535
0.0775 0.00454535
0.08 0.00454535
0.0820141 0.00454535
0.0844311 0.00454535
0.0873314 0.00454535
0.0908118 0.00454535
0.0949882 0.00454535
0.1 0.00454535
0.109091 0.00454535
0.12 0.00454535
-0.02 0.00709325
-0.00909091 0.00709325
-1.73472e-18 0.00709325
0.00501176 0.00709325
0.00918823 0.00709325
0.0126686 0.00709325
0.0155689 0.00709325
0.0179859 0.00709325
0.02 0.00709325
0.0225 0.00709325
0.025 0.00709325
0.0283333 0.00709325
0.0316667 0.00709325
0.035 0.00709325
0.0375 0.00709325
0.04 0.00709325
0.0422222 0.00709325
0.0444444 0.00709325
0.0466667 0.00709325
0.0488889 0.00709325
0.0511111 0.00709325
0.0533333 0.00709325
0.0555556 0.00709325
0.0577778 0.00709325
0.06 0.00709325
0.0625 0.00709325
0.065 0.00709325
0.0683333 0.00709325
0.0716667 0.00709325
0.075 0.00709325
0.0775 0.00709325
0.08 0.00709325
0.0820141 0.00709325
0.0844311 0.00709325
0.0873314 0.00709325
0.0908118 0.00709325
0.0949882 0.00709325
0.1 0.00709325
0.109091 0.00709325
0.12 0.00709325
-0.02 0.00964369
-0.00909091 0.00964369
-1.73472e-18 0.00964369
0.00501176 0.00964369
0.00918823 0.00964369
0.0126686 0.00964369
0.0155689 0.00964369
0.0179859 0.00964369
0.02 0.00964369
0.0225 0.00964369
0.025 0.00964369
0.0283333 0.00964369
0.0316667 0.00964369
0.035 0.00964369
0.0375 0.00964369
0.04 0.00964369
0.0422222 0.00964369
0.0444444 0.00964369
0.0466667 0.00964369
0.0488889 0.00964369
0.0511111 0.00964369
0.0533333 0.00964369
0.0555556 0.00964369
0.0577778 0.00964369
0.06 0.00964369
0.0625 0.00964369
0.065 0.00964369
0.0683333 0.00964369
0.0716667 0.00964369
0.075 0.00964369
0.0775 0.00964369
0.08 0.00964369
0.0820141 0.00964369
0.0844311 0.00964369
0.0873314 0.00964369
0.0908118 0.00964369
0.0949882 0.00964369
0.1 0.00964369
0.109091 0.00964369
0.12 0.00964369
-0.02 0.0121967
-0.00909091 0.0121967
-1.73472e-18 0.0121967
0.00501176 0.0121967
0.00918823 0.0121967
0.0126686 0.0121967
0.0155689 0.0121967
0.0179859 0.0121967
0.02 0.0121967
0.0225 0.0121967
0.025 0.0121967
0.0283333 0.0121967
0.0316667 0.0121967
0.035 0.0121967
0.0375 0.0121967
0.04 0.0121967
0.0422222 0.0121967
0.0444444 0.0121967
0.0466667 0.0121967
0.0488889 0.0121967
0.0511111 0.0121967
0.0533333 0.0121967
0.0555556 0.0121967
0.0577778 0.0121967
0.06 0.0121967
0.0625 0.0121967
0.065 0.0121967
0.0683333 0.0121967
0.0716667 0.0121967
0.075 0.0121967
0.0775 0.0121967
0.08 0.0121967
0.0820141 0.0121967
0.0844311 0.0121967
0.0873314 0.0121967
0.0908118 0.0121967
0.0949882 0.0121967
0.1 0.0121967
0.109091 0.0121967
0.12 0.0121967
-0.02 0.0147522
-0.00909091 0.0147522
-1.73472e-18 0.0147522
0.00501176 0.0147522
0.00918823 0.0147522
0.0126686 0.0147522
0.0155689 0.0147522
0.0179859 0.0147522
0.02 0.0147522
0.0225 0.0147522
0.025 0.0147522
0.0283333 0.0147522
0.0316667 0.0147522
0.035 0.0147522
0.0375 0.0147522
0.04 0.0147522
0.0422222 0.0147522
0.0444444 0.0147522
0.0466667 0.0147522
0.0488889 0.0147522
0.0511111 0.0147522
0.0533333 0.0147522
0.0555556 0.0147522
0.0577778 0.0147522
0.06 0.0147522
0.0625 0.0147522
0.065 0.0147522
0.0683333 0.0147522
0.0716667 0.0147522
0.075 0.0147522
0.0775 0.0147522
0.08 0.0147522
0.0820141 0.0147522
0.0844311 0.0147522
0.0873314 0.0147522
0.0908118 0.0147522
0.0949882 0.0147522
0.1 0.0147522
0.109091 0.0147522
0.12 0.0147522
-0.02 0.0173103
-0.00909091 0.0173103
-1.73472e-18 0.0173103
0.00501176 0.0173103
0.00918823 0.0173103
0.0126686 0.0173103
0.0155689 0.0173103
0.0179859 0.0173103
0.02 0.0173103
0.0225 0.0173103
0.025 0.0173103
0.0283333 0.0173103
0.0316667 0.0173103
0.035 0.0173103
0.0375 0.0173103
0.04 0.0173103
0.0422222 0.0173103
0.0444444 0.0173103
0.0466667 0.0173103
0.0488889 0.0173103
0.0511111 0.0173103
0.0533333 0.0173103
0.0555556 0.0173103
0.0577778 0.0173103
0.06 0.0173103
0.0625 0.0173103
0.065 0.0173103
0.0683333 0.0173103
0.0716667 0.0173103
0.075 0.0173103
0.0775 0.0173103
0.08 0.0173103
0.0820141 0.0173103
0.0844311 0.0173103
0.0873314 0.0173103
0.0908118 0.0173103
0.0949882 0.0173103
0.1 0.0173103
0.109091 0.0173103
0.12 0.0173103
-0.02 0.019871
-0.00909091 0.019871
-1.73472e-18 0.019871
0.00501176 0.019871
0.00918823 0.019871
0.0126686 0.019871
0.0155689 0.019871
0.0179859 0.019871
0.02 0.019871
0.0225 0.019871
0.025 0.019871
0.0283333 0.019871
0.0316667 0.019871
0.035 0.019871
0.0375 0.019871
0.04 0.019871
0.0422222 0.019871
0.0444444 0.019871
0.0466667 0.019871
0.0488889 0.019871
0.0511111 0.019871
0.0533333 0.019871
0.0555556 0.019871
0.0577778 0.019871
0.06 0.019871
0.0625 0.019871
0.065 0.019871
0.0683333 0.019871
0.0716667 0.019871
0.075 0.019871
0.0775 0.019871
0.08 0.019871
0.0820141 0.019871
0.0844311 0.019871
0.0873314 0.019871
0.0908118 0.019871
0.0949882 0.019871
0.1 0.019871
0.109091 0.019871
0.12 0.019871
-0.02 0.0224342
-0.00909091 0.0224342
-1.73472e-18 0.0224342
0.00501176 0.0224342
0.00918823 0.0224342
0.0126686 0.0224342
0.0155689 0.0224342
0.0179859 0.0224342
0.02 0.0224342
0.0225 0.0224342
0.025 0.0224342
0.0283333 0.0224342
0.0316667 0.0224342
0.035 0.0224342
0.0375 0.0224342
0.04 0.0224342
0.0422222 0.0224342
0.0444444 0.0224342
0.0466667 0.0224342
0.0488889 0.0224342
0.0511111 0.0224342
0.0533333 0.0224342
0.0555556 0.0224342
0.0577778 0.0224342
0.06 0.0224342
0.0625 0.0224342
0.065 0.0224342
0.0683333 0.0224342
0.0716667 0.0224342
0.075 0.0224342
0.0775 0.0224342
0.08 0.0224342
0.0820141 0.0224342
0.0844311 0.0224342
0.0873314 0.0224342
0.0908118 0.0224342
0.0949882 0.0224342
0.1 0.0224342
0.109091 0.0224342
0.12 0.0224342
-0.02 0.025
-0.00909091 0.025
-1.73472e-18 0.025
0.00501176 0.025
0.00918823 0.025
0.0126686 0.025
0.0155689 0.025
0.0179859 0.025
0.02 0.025
0.0225 0.025
0.025 0.025
0.0283333 0.025
0.0316667 0.025
0.035 0.025
0.0375 0.025
0.04 0.025
0.0422222 0.025
0.0444444 0.025
0.0466667 0.025
0.0488889 0.025
0.0511111 0.025
0.0533333 0.025
0.0555556 0.025
0.0577778 0.025
0.06 0.025
0.0625 0.025
0.065 0.025
0.0683333 0.025
0.0716667 0.025
0.075 0.025
0.0775 0.025
0.08 0.025
0.0820141 0.025
0.0844311 0.025
0.0873314 0.025
0.0908118 0.025
0.0949882 0.025
0.1 0.025
0.109091 0.025
0.12 0.025
-0.02 0.02833
-0.00909091 0.02833
-1.73472e-18 0.02833
0.00501176 0.02833
0.00918823 0.02833
0.0126686 0.02833
0.0155689 0.02833
0.0179859 0.02833
0.02 0.02833
0.0225 0.02833
0.025 0.02833
0.0283333 0.02833
0.0316667 0.02833
0.035 0.02833
0.0375 0.02833
0.04 0.02833
0.0422222 0.02833
0.0444444 0.02833
0.0466667 0.02833
0.0488889 0.02833
0.0511111 0.02833
0.0533333 0.02833
0.0555556 0.02833
0.0577778 0.02833
0.06 0.02833
0.0625 0.02833
0.065 0.02833
0.0683333 0.02833
0.0716667 0.02833
0.075 0.02833
0.0775 0.02833
0.08 0.02833
0.0820141 0.02833
0.0844311 0.02833
0.0873314 0.02833
0.0908118 0.02833
0.0949882 0.02833
0.1 0.02833
0.109091 0.02833
0.12 0.02833
-0.02 0.0316633
-0.00909091 0.0316633
-1.73472e-18 0.0316633
0.00501176 0.0316633
0.00918823 0.0316633
0.0126686 0.0316633
0.0155689 0.0316633
0.0179859 0.0316633
0.02 0.0316633
0.0225 0.0316633
0.025 0.0316633
0.0283333 0.0316633
0.0316667 0.0316633
0.035 0.0316633
0.0375 0.0316633
0.04 0.0316633
0.0422222 0.0316633
0.0444444 0.0316633
0.0466667 0.0316633
0.0488889 0.0316633
0.0511111 0.0316633
0.0533333 0.0316633
0.0555556 0.0316633
0.0577778 0.0316633
0.06 0.0316633
0.0625 0.0316633
0.065 0.0316633
0.0683333 0.0316633
0.0716667 0.0316633
0.075 0.0316633
0.0775 0.0316633
0.08 0.0316633
0.0820141 0.0316633
0.0844311 0.0316633
0.0873314 0.0316633
0.0908118 0.0316633
0.0949882 0.0316633
0.1 0.0316633
0.109091 0.0316633
0.12 0.0316633
-0.02 0.035
-0.00909091 0.035
-1.73472e-18 0.035
0.00501176 0.035
0.00918823 0.035
0.0126686 0.035
0.0155689 0.035
0.0179859 0.035
0.02 0.035
0.0225 0.035
0.025 0.035
0.0283333 0.035
0.0316667 0.035
0.035 0.035
0.0375 0.035
0.04 0.035
0.0422222 0.035
0.0444444 0.035
0.0466667 0.035
0.0488889 0.035
0.0511111 0.035
0.0533333 0.035
0.0555556 0.035
0.0577778 0.035
0.06 0.035
0.0625 0.035
0.065 0.035
0.0683333 0.035
0.0716667 0.035
0.075 0.035
0.0775 0.035
0.08 0.035
0.0820141 0.035
0.0844311 0.035
0.0873314 0.035
0.0908118 0.035
0.0949882 0.035
0.1 0.035
0.109091 0.035
0.12 0.035
-0.02 0.0372222
-0.00909091 0.0372222
-1.73472e-18 0.0372222
0.00501176 0.0372222
0.00918823 0.0372222
0.0126686 0.0372222
0.0155689 0.0372222
0.0179859 0.0372222
0.02 0.0372222
0.0225 0.0372222
0.025 0.0372222
0.0283333 0.0372222
0.0316667 0.0372222
0.035 0.0372222
0.0375 0.0372222
0.04 0.0372222
0.0422222 0.0372222
0.0444444 0.0372222
0.0466667 0.0372222
0.0488889 0.0372222
0.0511111 0.0372222
0.0533333 0.0372222
0.0555556 0.0372222
0.0577778 0.0372222
0.06 0.0372222
0.0625 0.0372222
0.065 0.0372222
0.0683333 0.0372222
0.0716667 0.0372222
0.075 0.0372222
0.0775 0.0372222
0.08 0.0372222
0.0820141 0.0372222
0.0844311 0.0372222
0.0873314 0.0372222
0.0908118 0.0372222
0.0949882 0.0372222
0.1 0.0372222
0.109091 0.0372222
0.12 0.0372222
-0.02 0.04
-0.00909091 0.04
-1.73472e-18 0.04
0.00501176 0.04
0.00918823 0.04
0.0126686 0.04
0.0155689 0.04
0.0179859 0.04
0.02 0.04
0.0225 0.04
0.025 0.04
0.0283333 0.04
0.0316667 0.04
0.035 0.04
0.0375 0.04
0.04 0.04
0.0422222 0.04
0.0444444 0.04
0.0466667 0.04
0.0488889 0.04
0.0511111 0.04
0.0533333 0.04
0.0555556 0.04
0.0577778 0.04
0.06 0.04
0.0625 0.04
0.065 0.04
0.0683333 0.04
0.0716667 0.04
0.075 0.04
0.0775 0.04
0.08 0.04
0.0820141 0.04
0.0844311 0.04
0.0873314 0.04
0.0908118 0.04
0.0949882 0.04
0.1 0.04
0.109091 0.04
0.12 0.04
-0.02 0.0432759
-0.00909091 0.0432759
-1.73472e-18 0.0432759
0.00501176 0.0432759
0.00918823 0.0432759
0.0126686 0.0432759
0.0155689 0.0432759
0.0179859 0.0432759
0.02 0.0432759
0.0225 0.0432759
0.025 0.0432759
0.0283333 0.0432759
0.0316667 0.0432759
0.035 0.0432759
0.0375 0.0432759
0.04 0.0432759
0.0422222 0.0432759
0.0444444 0.0432759
0.0466667 0.0432759
0.0488889 0.0432759
0.0511111 0.0432759
0.0533333 0.0432759
0.0555556 0.0432759
0.0577778 0.0432759
0.06 0.0432759
0.0625 0.0432759
0.065 0.0432759
0.0683333 0.0432759
0.0716667 0.0432759
0.075 0.0432759
0.0775 0.0432759
0.08 0.0432759
0.0820141 0.0432759
0.0844311 0.0432759
0.0873314 0.0432759
0.0908118 0.0432759
0.0949882 0.0432759
0.1 0.0432759
0.109091 0.0432759
0.12 0.0432759
-0.02 0.0468795
-0.00909091 0.0468795
-1.73472e-18 0.0468795
0.00501176 0.0468795
0.00918823 0.0468795
0.0126686 0.0468795
0.0155689 0.0468795
0.0179859 0.0468795
0.02 0.0468795
0.0225 0.0468795
0.025 0.0468795
0.0283333 0.0468795
0.0316667 0.0468795
0.035 0.0468795
0.0375 0.0468795
0.04 0.0468795
0.0422222 0.0468795
0.0444444 0.0468795
0.0466667 0.0468795
0.0488889 0.0468795
0.0511111 0.0468795
0.0533333 0.0468795
0.0555556 0.0468795
0.0577778 0.0468795
0.06 0.0468795
0.0625 0.0468795
0.065 0.0468795
0.0683333 0.0468795
0.0716667 0.0468795
0.075 0.0468795
0.0775 0.0468795
0.08 0.0468795
0.0820141 0.0468795
0.0844311 0.0468795
0.0873314 0.0468795
0.0908118 0.0468795
0.0949882 0.0468795
0.1 0.0468795
0.109091 0.0468795
0.12 0.0468795
-0.02 0.0508434
-0.00909091 0.0508434
-1.73472e-18 0.0508434
0.00501176 0.0508434
0.00918823 0.0508434
0.0126686 0.0508434
0.0155689 0.0508434
0.0179859 0.0508434
0.02 0.0508434
0.0225 0.0508434
0.025 0.0508434
0.0283333 0.0508434
0.0316667 0.0508434
0.035 0.0508434
0.0375 0.0508434
0.04 0.0508434
0.0422222 0.0508434
0.0444444 0.0508434
0.0466667 0.0508434
0.0488889 0.0508434
0.0511111 0.0508434
0.0533333 0.0508434
0.0555556 0.0508434
0.0577778 0.0508434
0.06 0.0508434
0.0625 0.0508434
0.065 0.0508434
0.0683333 0.0508434
0.0716667 0.0508434
0.075 0.0508434
0.0775 0.0508434
0.08 0.0508434
0.0820141 0.0508434
0.0844311 0.0508434
0.0873314 0.0508434
0.0908118 0.0508434
0.0949882 0.0508434
0.1 0.0508434
0.109091 0.0508434
0.12 0.0508434
-0.02 0.0552037
-0.00909091 0.0552037
-1.73472e-18 0.0552037
0.00501176 0.0552037
0.00918823 0.0552037
0.0126686 0.0552037
0.0155689 0.0552037
0.0179859 0.0552037
0.02 0.0552037
0.0225 0.0552037
0.025 0.0552037
0.0283333 0.0552037
0.0316667 0.0552037
0.035 0.0552037
0.0375 0.0552037
0.04 0.0552037
0.0422222 0.0552037
0.0444444 0.0552037
0.0466667 0.0552037
0.0488889 0.0552037
0.0511111 0.0552037
0.0533333 0.0552037
0.0555556 0.0552037
0.0577778 0.0552037
0.06 0.0552037
0.0625 0.0552037
0.065 0.0552037
0.0683333 0.0552037
0.0716667 0.0552037
0.075 0.0552037
0.0775 0.0552037
0.08 0.0552037
0.0820141 0.0552037
0.0844311 0.0552037
0.0873314 0.0552037
0.0908118 0.0552037
0.0949882 0.0552037
0.1 0.0552037
0.109091 0.0552037
0.12 0.0552037
-0.02 0.06
-0.00909091 0.06
-1.73472e-18 0.06
0.00501176 0.06
0.00918823 0.06
0.0126686 0.06
0.0155689 0.06
0.0179859 0.06
0.02 0.06
0.0225 0.06
0.025 0.06
0.0283333 0.06
0.0316667 0.06
0.035 0.06
0.0375 0.06
0.04 0.06
0.0422222 0.06
0.0444444 0.06
0.0466667 0.06
0.0488889 0.06
0.0511111 0.06
0.0533333 0.06
0.0555556 0.06
0.0577778 0.06
0.06 0.06
0.0625 0.06
0.065 0.06
0.0683333 0.06
0.0716667 0.06
0.075 0.06
0.0775 0.06
0.08 0.06
0.0820141 0.06
0.0844311 0.06
0.0873314 0.06
0.0908118 0.06
0.0949882 0.06
0.1 0.06
0.109091 0.06
0.12 0.06
-0.02 0.068
-0.00909091 0.068
-1.73472e-18 0.068
0.00501176 0.068
0.00918823 0.068
0.0126686 0.068
0.0155689 0.068
0.0179859 0.068
0.02 0.068
0.0225 0.068
0.025 0.068
0.0283333 0.068
0.0316667 0.068
0.035 0.068
0.0375 0.068
0.04 0.068
0.0422222 0.068
0.0444444 0.068
0.0466667 0.068
0.0488889 0.068
0.0511111 0.068
0.0533333 0.068
0.0555556 0.068
0.0577778 0.068
0.06 0.068
0.0625 0.068
0.065 0.068
0.0683333 0.068
0.0716667 0.068
0.075 0.068
0.0775 0.068
0.08 0.068
0.0820141 0.068
0.0844311 0.068
0.0873314 0.068
0.0908118 0.068
0.0949882 0.068
0.1 0.068
0.109091 0.068
0.12 0.068
-0.02 0.08
-0.00909091 0.08
-1.73472e-18 0.08
0.00501176 0.08
0.00918823 0.08
0.0126686 0.08
0.0155689 0.08
0.0179859 0.08
0.02 0.08
0.0225 0.08
0.025 0.08
0.0283333 0.08
0.0316667 0.08
0.035 0.08
0.0375 0.08
0.04 0.08
0.0422222 0.08
0.0444444 0.08
0.0466667 0.08
0.0488889 0.08
0.0511111 0.08
0.0533333 0.08
0.0555556 0.08
0.0577778 0.08
0.06 0.08
0.0625 0.08
0.065 0.08
0.0683333 0.08
0.0716667 0.08
0.075 0.08
0.0775 0.08
0.08 0.08
0.0820141 0.08
0.0844311 0.08
0.0873314 0.08
0.0908118 0.08
0.0949882 0.08
0.1 0.08
0.109091 0.08
0.12 0.08
