858
41 42 1 2 2
42 43 2 3 2
43 44 3 4 1
44 45 4 5 1
45 46 5 6 1
46 47 6 7 1
47 48 7 8 1
48 49 8 9 1
49 50 9 10 2
50 51 10 11 2
51 52 11 12 2
52 53 12 13 2
53 54 13 14 2
54 55 14 15 2
55 56 15 16 2
56 57 16 17 2
57 58 17 18 2
58 59 18 19 2
59 60 19 20 2
60 61 20 21 2
61 62 21 22 2
62 63 22 23 2
63 64 23 24 2
64 65 24 25 2
65 66 25 26 2
66 67 26 27 2
67 68 27 28 2
68 69 28 29 2
69 70 29 30 2
70 71 30 31 2
71 72 31 32 2
72 73 32 33 1
73 74 33 34 1
74 75 34 35 1
75 76 35 36 1
76 77 36 37 1
77 78 37 38 1
78 79 38 39 2
79 80 39 40 2
81 82 41 42 2
82 83 42 43 2
83 84 43 44 1
84 85 44 45 1
85 86 45 46 1
86 87 46 47 1
87 88 47 48 1
88 89 48 49 1
89 90 49 50 2
90 91 50 51 2
91 92 51 52 2
92 93 52 53 2
93 94 53 54 2
94 95 54 55 2
95 96 55 56 2
96 97 56 57 1
97 98 57 58 1
98 99 58 59 1
99 100 59 60 1
100 101 60 61 1
101 102 61 62 1
102 103 62 63 1
103 104 63 64 1
104 105 64 65 1
105 106 65 66 2
106 107 66 67 2
107 108 67 68 2
108 109 68 69 2
109 110 69 70 2
110 111 70 71 2
111 112 71 72 2
112 113 72 73 1
113 114 73 74 1
114 115 74 75 1
115 116 75 76 1
116 117 76 77 1
117 118 77 78 1
118 119 78 79 2
119 120 79 80 2
121 122 81 82 2
122 123 82 83 2
123 124 83 84 1
124 125 84 85 1
125 126 85 86 1
126 127 86 87 1
127 128 87 88 1
128 129 88 89 1
129 130 89 90 2
130 131 90 91 2
131 132 91 92 2
132 133 92 93 2
133 134 93 94 2
134 135 94 95 2
135 136 95 96 2
136 137 96 97 1
137 138 97 98 1
138 139 98 99 1
139 140 99 100 1
140 141 100 101 1
141 142 101 102 1
142 143 102 103 1
143 144 103 104 1
144 145 104 105 1
145 146 105 106 2
146 147 106 107 2
147 148 107 108 2
148 149 108 109 2
149 150 109 110 2
150 151 110 111 2
151 152 111 112 2
152 153 112 113 1
153 154 113 114 1
154 155 114 115 1
155 156 115 116 1
156 157 116 117 1
157 158 117 118 1
158 159 118 119 2
159 160 119 120 2
161 162 121 122 2
162 163 122 123 2
163 164 123 124 1
164 165 124 125 1
165 166 125 126 1
166 167 126 127 1
167 168 127 128 1
168 169 128 129 1
169 170 129 130 2
170 171 130 131 2
171 172 131 132 2
172 173 132 133 2
173 174 133 134 2
174 175 134 135 2
175 176 135 136 2
176 177 136 137 1
177 178 137 138 1
178 179 138 139 1
179 180 139 140 1
180 181 140 141 1
181 182 141 142 1
182 183 142 143 1
183 184 143 144 1
184 185 144 145 1
185 186 145 146 2
186 187 146 147 2
187 188 147 148 2
188 189 148 149 2
189 190 149 150 2
190 191 150 151 2
191 192 151 152 2
192 193 152 153 1
193 194 153 154 1
194 195 154 155 1
195 196 155 156 1
196 197 156 157 1
197 198 157 158 1
198 199 158 159 2
199 200 159 160 2
201 202 161 162 2
202 203 162 163 2
203 204 163 164 1
204 205 164 165 1
205 206 165 166 1
206 207 166 167 1
207 208 167 168 1
208 209 168 169 1
209 210 169 170 2
210 211 170 171 2
211 212 171 172 2
212 213 172 173 2
213 214 173 174 2
214 215 174 175 2
215 216 175 176 2
216 217 176 177 1
217 218 177 178 1
218 219 178 179 1
219 220 179 180 1
220 221 180 181 1
221 222 181 182 1
222 223 182 183 1
223 224 183 184 1
224 225 184 185 1
225 226 185 186 2
226 227 186 187 2
227 228 187 188 2
228 229 188 189 2
229 230 189 190 2
230 231 190 191 2
231 232 191 192 2
232 233 192 193 1
233 234 193 194 1
234 235 194 195 1
235 236 195 196 1
236 237 196 197 1
237 238 197 198 1
238 239 198 199 2
239 240 199 200 2
241 242 201 202 2
242 243 202 203 2
243 244 203 204 1
244 245 204 205 1
245 246 205 206 1
246 247 206 207 1
247 248 207 208 1
248 249 208 209 1
249 250 209 210 2
250 251 210 211 2
251 252 211 212 2
252 253 212 213 2
253 254 213 214 2
254 255 214 215 2
255 256 215 216 2
256 257 216 217 1
257 258 217 218 1
258 259 218 219 1
259 260 219 220 1
260 261 220 221 1
261 262 221 222 1
262 263 222 223 1
263 264 223 224 1
264 265 224 225 1
265 266 225 226 2
266 267 226 227 2
267 268 227 228 2
268 269 228 229 2
269 270 229 230 2
270 271 230 231 2
271 272 231 232 2
272 273 232 233 1
273 274 233 234 1
274 275 234 235 1
275 276 235 236 1
276 277 236 237 1
277 278 237 238 1
278 279 238 239 2
279 280 239 240 2
281 282 241 242 2
282 283 242 243 2
283 284 243 244 1
284 285 244 245 1
285 286 245 246 1
286 287 246 247 1
287 288 247 248 1
288 289 248 249 1
289 290 249 250 2
290 291 250 251 2
291 292 251 252 2
292 293 252 253 2
293 294 253 254 2
294 295 254 255 2
295 296 255 256 2
296 297 256 257 1
297 298 257 258 1
298 299 258 259 1
299 300 259 260 1
300 301 260 261 1
301 302 261 262 1
302 303 262 263 1
303 304 263 264 1
304 305 264 265 1
305 306 265 266 2
306 307 266 267 2
307 308 267 268 2
308 309 268 269 2
309 310 269 270 2
310 311 270 271 2
311 312 271 272 2
312 313 272 273 1
313 314 273 274 1
314 315 274 275 1
315 316 275 276 1
316 317 276 277 1
317 318 277 278 1
318 319 278 279 2
319 320 279 280 2
321 322 281 282 2
322 323 282 283 2
323 324 283 284 1
324 325 284 285 1
325 326 285 286 1
326 327 286 287 1
327 328 287 288 1
328 329 288 289 1
329 330 289 290 2
330 331 290 291 2
331 332 291 292 2
332 333 292 293 2
333 334 293 294 2
334 335 294 295 2
335 336 295 296 2
336 337 296 297 1
337 338 297 298 1
338 339 298 299 1
339 340 299 300 1
340 341 300 301 1
341 342 301 302 1
342 343 302 303 1
343 344 303 304 1
344 345 304 305 1
345 346 305 306 2
346 347 306 307 2
347 348 307 308 2
348 349 308 309 2
349 350 309 310 2
350 351 310 311 2
351 352 311 312 2
352 353 312 313 1
353 354 313 314 1
354 355 314 315 1
355 356 315 316 1
356 357 316 317 1
357 358 317 318 1
358 359 318 319 2
359 360 319 320 2
361 362 321 322 2
362 363 322 323 2
363 364 323 324 1
364 365 324 325 1
365 366 325 326 1
366 367 326 327 1
367 368 327 328 1
368 369 328 329 1
369 370 329 330 2
370 371 330 331 2
371 372 331 332 2
372 373 332 333 2
373 374 333 334 2
374 375 334 335 2
375 376 335 336 2
376 377 336 337 1
377 378 337 338 1
378 379 338 339 1
379 380 339 340 1
380 381 340 341 1
381 382 341 342 1
382 383 342 343 1
383 384 343 344 1
384 385 344 345 1
385 386 345 346 2
386 387 346 347 2
387 388 347 348 2
388 389 348 349 2
389 390 349 350 2
390 391 350 351 2
391 392 351 352 2
392 393 352 353 1
393 394 353 354 1
394 395 354 355 1
395 396 355 356 1
396 397 356 357 1
397 398 357 358 1
398 399 358 359 2
399 400 359 360 2
401 402 361 362 2
402 403 362 363 2
403 404 363 364 1
404 405 364 365 1
405 406 365 366 1
406 407 366 367 1
407 408 367 368 1
408 409 368 369 1
409 410 369 370 2
410 411 370 371 2
411 412 371 372 2
412 413 372 373 2
413 414 373 374 2
414 415 374 375 2
415 416 375 376 2
416 417 376 377 1
417 418 377 378 1
418 419 378 379 1
419 420 379 380 1
420 421 380 381 1
421 422 381 382 1
422 423 382 383 1
423 424 383 384 1
424 425 384 385 1
425 426 385 386 2
426 427 386 387 2
427 428 387 388 2
428 429 388 389 2
429 430 389 390 2
430 431 390 391 2
431 432 391 392 2
432 433 392 393 1
433 434 393 394 1
434 435 394 395 1
435 436 395 396 1
436 437 396 397 1
437 438 397 398 1
438 439 398 399 2
439 440 399 400 2
441 442 401 402 2
442 443 402 403 2
443 444 403 404 1
444 445 404 405 1
445 446 405 406 1
446 447 406 407 1
447 448 407 408 1
448 449 408 409 1
449 450 409 410 2
450 451 410 411 2
451 452 411 412 3
452 453 412 413 3
453 454 413 414 3
454 455 414 415 2
455 456 415 416 2
456 457 416 417 1
457 458 417 418 1
458 459 418 419 1
459 460 419 420 1
460 461 420 421 1
461 462 421 422 1
462 463 422 423 1
463 464 423 424 1
464 465 424 425 1
465 466 425 426 2
466 467 426 427 2
467 468 427 428 4
468 469 428 429 4
469 470 429 430 4
470 471 430 431 2
471 472 431 432 2
472 473 432 433 1
473 474 433 434 1
474 475 434 435 1
475 476 435 436 1
476 477 436 437 1
477 478 437 438 1
478 479 438 439 2
479 480 439 440 2
481 482 441 442 2
482 483 442 443 2
483 484 443 444 1
484 485 444 445 1
485 486 445 446 1
486 487 446 447 1
487 488 447 448 1
488 489 448 449 1
489 490 449 450 2
490 491 450 451 2
491 492 451 452 3
492 493 452 453 3
493 494 453 454 3
494 495 454 455 2
495 496 455 456 2
496 497 456 457 1
497 498 457 458 1
498 499 458 459 1
499 500 459 460 1
500 501 460 461 1
501 502 461 462 1
502 503 462 463 1
503 504 463 464 1
504 505 464 465 1
505 506 465 466 2
506 507 466 467 2
507 508 467 468 4
508 509 468 469 4
509 510 469 470 4
510 511 470 471 2
511 512 471 472 2
512 513 472 473 1
513 514 473 474 1
514 515 474 475 1
515 516 475 476 1
516 517 476 477 1
517 518 477 478 1
518 519 478 479 2
519 520 479 480 2
521 522 481 482 2
522 523 482 483 2
523 524 483 484 1
524 525 484 485 1
525 526 485 486 1
526 527 486 487 1
527 528 487 488 1
528 529 488 489 1
529 530 489 490 2
530 531 490 491 2
531 532 491 492 3
532 533 492 493 3
533 534 493 494 3
534 535 494 495 2
535 536 495 496 2
536 537 496 497 1
537 538 497 498 1
538 539 498 499 1
539 540 499 500 1
540 541 500 501 1
541 542 501 502 1
542 543 502 503 1
543 544 503 504 1
544 545 504 505 1
545 546 505 506 2
546 547 506 507 2
547 548 507 508 4
548 549 508 509 4
549 550 509 510 4
550 551 510 511 2
551 552 511 512 2
552 553 512 513 1
553 554 513 514 1
554 555 514 515 1
555 556 515 516 1
556 557 516 517 1
557 558 517 518 1
558 559 518 519 2
559 560 519 520 2
561 562 521 522 2
562 563 522 523 2
563 564 523 524 1
564 565 524 525 1
565 566 525 526 1
566 567 526 527 1
567 568 527 528 1
568 569 528 529 1
569 570 529 530 2
570 571 530 531 2
571 572 531 532 2
572 573 532 533 2
573 574 533 534 2
574 575 534 535 2
575 576 535 536 2
576 577 536 537 1
577 578 537 538 1
578 579 538 539 1
579 580 539 540 1
580 581 540 541 1
581 582 541 542 1
582 583 542 543 1
583 584 543 544 1
584 585 544 545 1
585 586 545 546 2
586 587 546 547 2
587 588 547 548 2
588 589 548 549 2
589 590 549 550 2
590 591 550 551 2
591 592 551 552 2
592 593 552 553 1
593 594 553 554 1
594 595 554 555 1
595 596 555 556 1
596 597 556 557 1
597 598 557 558 1
598 599 558 559 2
599 600 559 560 2
601 602 561 562 2
602 603 562 563 2
603 604 563 564 1
604 605 564 565 1
605 606 565 566 1
606 607 566 567 1
607 608 567 568 1
608 609 568 569 1
609 610 569 570 2
610 611 570 571 2
611 612 571 572 2
612 613 572 573 2
613 614 573 574 2
614 615 574 575 2
615 616 575 576 2
616 617 576 577 1
617 618 577 578 1
618 619 578 579 1
619 620 579 580 1
620 621 580 581 1
621 622 581 582 1
622 623 582 583 1
623 624 583 584 1
624 625 584 585 1
625 626 585 586 2
626 627 586 587 2
627 628 587 588 2
628 629 588 589 2
629 630 589 590 2
630 631 590 591 2
631 632 591 592 2
632 633 592 593 1
633 634 593 594 1
634 635 594 595 1
635 636 595 596 1
636 637 596 597 1
637 638 597 598 1
638 639 598 599 2
639 640 599 600 2
641 642 601 602 2
642 643 602 603 2
643 644 603 604 1
644 645 604 605 1
645 646 605 606 1
646 647 606 607 1
647 648 607 608 1
648 649 608 609 1
649 650 609 610 1
650 651 610 611 1
651 652 611 612 1
652 653 612 613 1
653 654 613 614 1
654 655 614 615 1
655 656 615 616 1
656 657 616 617 1
657 658 617 618 1
658 659 618 619 1
659 660 619 620 1
660 661 620 621 1
661 662 621 622 1
662 663 622 623 1
663 664 623 624 1
664 665 624 625 1
665 666 625 626 1
666 667 626 627 1
667 668 627 628 1
668 669 628 629 1
669 670 629 630 1
670 671 630 631 1
671 672 631 632 1
672 673 632 633 1
673 674 633 634 1
674 675 634 635 1
675 676 635 636 1
676 677 636 637 1
677 678 637 638 1
678 679 638 639 2
679 680 639 640 2
681 682 641 642 2
682 683 642 643 2
683 684 643 644 1
684 685 644 645 1
685 686 645 646 1
686 687 646 647 1
687 688 647 648 1
688 689 648 649 1
689 690 649 650 1
690 691 650 651 1
691 692 651 652 1
692 693 652 653 1
693 694 653 654 1
694 695 654 655 1
695 696 655 656 1
696 697 656 657 1
697 698 657 658 1
698 699 658 659 1
699 700 659 660 1
700 701 660 661 1
701 702 661 662 1
702 703 662 663 1
703 704 663 664 1
704 705 664 665 1
705 706 665 666 1
706 707 666 667 1
707 708 667 668 1
708 709 668 669 1
709 710 669 670 1
710 711 670 671 1
711 712 671 672 1
712 713 672 673 1
713 714 673 674 1
714 715 674 675 1
715 716 675 676 1
716 717 676 677 1
717 718 677 678 1
718 719 678 679 2
719 720 679 680 2
721 722 681 682 2
722 723 682 683 2
723 724 683 684 1
724 725 684 685 1
725 726 685 686 1
726 727 686 687 1
727 728 687 688 1
728 729 688 689 1
729 730 689 690 1
730 731 690 691 1
731 732 691 692 1
732 733 692 693 1
733 734 693 694 1
734 735 694 695 1
735 736 695 696 1
736 737 696 697 1
737 738 697 698 1
738 739 698 699 1
739 740 699 700 1
740 741 700 701 1
741 742 701 702 1
742 743 702 703 1
743 744 703 704 1
744 745 704 705 1
745 746 705 706 1
746 747 706 707 1
747 748 707 708 1
748 749 708 709 1
749 750 709 710 1
750 751 710 711 1
751 752 711 712 1
752 753 712 713 1
753 754 713 714 1
754 755 714 715 1
755 756 715 716 1
756 757 716 717 1
757 758 717 718 1
758 759 718 719 2
759 760 719 720 2
761 762 721 722 2
762 763 722 723 2
763 764 723 724 1
764 765 724 725 1
765 766 725 726 1
766 767 726 727 1
767 768 727 728 1
768 769 728 729 1
769 770 729 730 1
770 771 730 731 1
771 772 731 732 1
772 773 732 733 1
773 774 733 734 1
774 775 734 735 1
775 776 735 736 1
776 777 736 737 1
777 778 737 738 1
778 779 738 739 1
779 780 739 740 1
780 781 740 741 1
781 782 741 742 1
782 783 742 743 1
783 784 743 744 1
784 785 744 745 1
785 786 745 746 1
786 787 746 747 1
787 788 747 748 1
788 789 748 749 1
789 790 749 750 1
790 791 750 751 1
791 792 751 752 1
792 793 752 753 1
793 794 753 754 1
794 795 754 755 1
795 796 755 756 1
796 797 756 757 1
797 798 757 758 1
798 799 758 759 2
799 800 759 760 2
801 802 761 762 2
802 803 762 763 2
803 804 763 764 1
804 805 764 765 1
805 806 765 766 1
806 807 766 767 1
807 808 767 768 1
808 809 768 769 1
809 810 769 770 1
810 811 770 771 1
811 812 771 772 1
812 813 772 773 1
813 814 773 774 1
814 815 774 775 1
815 816 775 776 1
816 817 776 777 1
817 818 777 778 1
818 819 778 779 1
819 820 779 780 1
820 821 780 781 1
821 822 781 782 1
822 823 782 783 1
823 824 783 784 1
824 825 784 785 1
825 826 785 786 1
826 827 786 787 1
827 828 787 788 1
828 829 788 789 1
829 830 789 790 1
830 831 790 791 1
831 832 791 792 1
832 833 792 793 1
833 834 793 794 1
834 835 794 795 1
835 836 795 796 1
836 837 796 797 1
837 838 797 798 1
838 839 798 799 2
839 840 799 800 2
841 842 801 802 2
842 843 802 803 2
843 844 803 804 2
844 845 804 805 2
845 846 805 806 2
846 847 806 807 2
847 848 807 808 2
848 849 808 809 2
849 850 809 810 2
850 851 810 811 2
851 852 811 812 2
852 853 812 813 2
853 854 813 814 2
854 855 814 815 2
855 856 815 816 2
856 857 816 817 2
857 858 817 818 2
858 859 818 819 2
859 860 819 820 2
860 861 820 821 2
861 862 821 822 2
862 863 822 823 2
863 864 823 824 2
864 865 824 825 2
865 866 825 826 2
866 867 826 827 2
867 868 827 828 2
868 869 828 829 2
869 870 829 830 2
870 871 830 831 2
871 872 831 832 2
872 873 832 833 2
873 874 833 834 2
874 875 834 835 2
875 876 835 836 2
876 877 836 837 2
877 878 837 838 2
878 879 838 839 2
879 880 839 840 2
881 882 841 842 2
882 883 842 843 2
883 884 843 844 2
884 885 844 845 2
885 886 845 846 2
886 887 846 847 2
887 888 847 848 2
888 889 848 849 2
889 890 849 850 2
890 891 850 851 2
891 892 851 852 2
892 893 852 853 2
893 894 853 854 2
894 895 854 855 2
895 896 855 856 2
896 897 856 857 2
897 898 857 858 2
898 899 858 859 2
899 900 859 860 2
900 901 860 861 2
901 902 861 862 2
902 903 862 863 2
903 904 863 864 2
904 905 864 865 2
905 906 865 866 2
906 907 866 867 2
907 908 867 868 2
908 909 868 869 2
909 910 869 870 2
910 911 870 871 2
911 912 871 872 2
912 913 872 873 2
913 914 873 874 2
914 915 874 875 2
915 916 875 876 2
916 917 876 877 2
917 918 877 878 2
918 919 878 879 2
919 920 879 880 2
