0 1 41 42 0
1 2 42 43 0
2 3 43 44 1
3 4 44 45 1
4 5 45 46 1
5 6 46 47 1
6 7 47 48 0
7 8 48 49 0
8 9 49 50 0
9 10 50 51 0
10 11 51 52 0
11 12 52 53 0
12 13 53 54 0
13 14 54 55 0
14 15 55 56 0
15 16 56 57 0
16 17 57 58 0
17 18 58 59 0
18 19 59 60 0
19 20 60 61 0
20 21 61 62 0
21 22 62 63 0
22 23 63 64 0
23 24 64 65 0
24 25 65 66 0
25 26 66 67 0
26 27 67 68 0
27 28 68 69 0
28 29 69 70 0
29 30 70 71 0
30 31 71 72 0
31 32 72 73 0
32 33 73 74 0
33 34 74 75 0
34 35 75 76 1
35 36 76 77 1
36 37 77 78 1
37 38 78 79 1
38 39 79 80 0
39 40 80 81 0
41 42 82 83 0
42 43 83 84 0
43 44 84 85 1
44 45 85 86 1
45 46 86 87 1
46 47 87 88 1
47 48 88 89 0
48 49 89 90 0
49 50 90 91 0
50 51 91 92 0
51 52 92 93 0
52 53 93 94 0
53 54 94 95 0
54 55 95 96 0
55 56 96 97 0
56 57 97 98 0
57 58 98 99 0
58 59 99 100 1
59 60 100 101 1
60 61 101 102 1
61 62 102 103 1
62 63 103 104 1
63 64 104 105 1
64 65 105 106 0
65 66 106 107 0
66 67 107 108 0
67 68 108 109 0
68 69 109 110 0
69 70 110 111 0
70 71 111 112 0
71 72 112 113 0
72 73 113 114 0
73 74 114 115 0
74 75 115 116 0
75 76 116 117 1
76 77 117 118 1
77 78 118 119 1
78 79 119 120 1
79 80 120 121 0
80 81 121 122 0
82 83 123 124 0
83 84 124 125 0
84 85 125 126 1
85 86 126 127 1
86 87 127 128 1
87 88 128 129 1
88 89 129 130 0
89 90 130 131 0
90 91 131 132 0
91 92 132 133 0
92 93 133 134 0
93 94 134 135 0
94 95 135 136 0
95 96 136 137 0
96 97 137 138 0
97 98 138 139 0
98 99 139 140 0
99 100 140 141 1
100 101 141 142 1
101 102 142 143 1
102 103 143 144 1
103 104 144 145 1
104 105 145 146 1
105 106 146 147 0
106 107 147 148 0
107 108 148 149 0
108 109 149 150 0
109 110 150 151 0
110 111 151 152 0
111 112 152 153 0
112 113 153 154 0
113 114 154 155 0
114 115 155 156 0
115 116 156 157 0
116 117 157 158 1
117 118 158 159 1
118 119 159 160 1
119 120 160 161 1
120 121 161 162 0
121 122 162 163 0
123 124 164 165 0
124 125 165 166 0
125 126 166 167 1
126 127 167 168 1
127 128 168 169 1
128 129 169 170 1
129 130 170 171 0
130 131 171 172 0
131 132 172 173 0
132 133 173 174 0
133 134 174 175 0
134 135 175 176 0
135 136 176 177 0
136 137 177 178 0
137 138 178 179 0
138 139 179 180 0
139 140 180 181 0
140 141 181 182 1
141 142 182 183 1
142 143 183 184 1
143 144 184 185 1
144 145 185 186 1
145 146 186 187 1
146 147 187 188 0
147 148 188 189 0
148 149 189 190 0
149 150 190 191 0
150 151 191 192 0
151 152 192 193 0
152 153 193 194 0
153 154 194 195 0
154 155 195 196 0
155 156 196 197 0
156 157 197 198 0
157 158 198 199 1
158 159 199 200 1
159 160 200 201 1
160 161 201 202 1
161 162 202 203 0
162 163 203 204 0
164 165 205 206 0
165 166 206 207 0
166 167 207 208 1
167 168 208 209 1
168 169 209 210 1
169 170 210 211 1
170 171 211 212 0
171 172 212 213 0
172 173 213 214 0
173 174 214 215 0
174 175 215 216 0
175 176 216 217 0
176 177 217 218 0
177 178 218 219 0
178 179 219 220 0
179 180 220 221 0
180 181 221 222 0
181 182 222 223 1
182 183 223 224 1
183 184 224 225 1
184 185 225 226 1
185 186 226 227 1
186 187 227 228 1
187 188 228 229 0
188 189 229 230 0
189 190 230 231 0
190 191 231 232 0
191 192 232 233 0
192 193 233 234 0
193 194 234 235 0
194 195 235 236 0
195 196 236 237 0
196 197 237 238 0
197 198 238 239 0
198 199 239 240 1
199 200 240 241 1
200 201 241 242 1
201 202 242 243 1
202 203 243 244 0
203 204 244 245 0
205 206 246 247 0
206 207 247 248 0
207 208 248 249 1
208 209 249 250 1
209 210 250 251 1
210 211 251 252 1
211 212 252 253 0
212 213 253 254 0
213 214 254 255 0
214 215 255 256 0
215 216 256 257 0
216 217 257 258 0
217 218 258 259 0
218 219 259 260 0
219 220 260 261 0
220 221 261 262 0
221 222 262 263 0
222 223 263 264 1
223 224 264 265 1
224 225 265 266 1
225 226 266 267 1
226 227 267 268 1
227 228 268 269 1
228 229 269 270 0
229 230 270 271 0
230 231 271 272 0
231 232 272 273 0
232 233 273 274 0
233 234 274 275 0
234 235 275 276 0
235 236 276 277 0
236 237 277 278 0
237 238 278 279 0
238 239 279 280 0
239 240 280 281 1
240 241 281 282 1
241 242 282 283 1
242 243 283 284 1
243 244 284 285 0
244 245 285 286 0
246 247 287 288 0
247 248 288 289 0
248 249 289 290 1
249 250 290 291 1
250 251 291 292 1
251 252 292 293 1
252 253 293 294 0
253 254 294 295 0
254 255 295 296 0
255 256 296 297 0
256 257 297 298 0
257 258 298 299 0
258 259 299 300 0
259 260 300 301 0
260 261 301 302 0
261 262 302 303 0
262 263 303 304 0
263 264 304 305 1
264 265 305 306 1
265 266 306 307 1
266 267 307 308 1
267 268 308 309 1
268 269 309 310 1
269 270 310 311 0
270 271 311 312 0
271 272 312 313 0
272 273 313 314 0
273 274 314 315 0
274 275 315 316 0
275 276 316 317 0
276 277 317 318 0
277 278 318 319 0
278 279 319 320 0
279 280 320 321 0
280 281 321 322 1
281 282 322 323 1
282 283 323 324 1
283 284 324 325 1
284 285 325 326 0
285 286 326 327 0
287 288 328 329 0
288 289 329 330 0
289 290 330 331 1
290 291 331 332 1
291 292 332 333 1
292 293 333 334 1
293 294 334 335 0
294 295 335 336 0
295 296 336 337 0
296 297 337 338 0
297 298 338 339 0
298 299 339 340 0
299 300 340 341 0
300 301 341 342 0
301 302 342 343 0
302 303 343 344 0
303 304 344 345 0
304 305 345 346 1
305 306 346 347 1
306 307 347 348 1
307 308 348 349 1
308 309 349 350 1
309 310 350 351 1
310 311 351 352 0
311 312 352 353 0
312 313 353 354 0
313 314 354 355 0
314 315 355 356 0
315 316 356 357 0
316 317 357 358 0
317 318 358 359 0
318 319 359 360 0
319 320 360 361 0
320 321 361 362 0
321 322 362 363 1
322 323 363 364 1
323 324 364 365 1
324 325 365 366 1
325 326 366 367 0
326 327 367 368 0
328 329 369 370 0
329 330 370 371 0
330 331 371 372 1
331 332 372 373 1
332 333 373 374 1
333 334 374 375 1
334 335 375 376 0
335 336 376 377 0
336 337 377 378 0
337 338 378 379 0
338 339 379 380 0
339 340 380 381 0
340 341 381 382 0
341 342 382 383 0
342 343 383 384 0
343 344 384 385 0
344 345 385 386 0
345 346 386 387 1
346 347 387 388 1
347 348 388 389 1
348 349 389 390 1
349 350 390 391 1
350 351 391 392 1
351 352 392 393 0
352 353 393 394 0
353 354 394 395 0
354 355 395 396 0
355 356 396 397 0
356 357 397 398 0
357 358 398 399 0
358 359 399 400 0
359 360 400 401 0
360 361 401 402 0
361 362 402 403 0
362 363 403 404 1
363 364 404 405 1
364 365 405 406 1
365 366 406 407 1
366 367 407 408 0
367 368 408 409 0
369 370 410 411 0
370 371 411 412 0
371 372 412 413 1
372 373 413 414 1
373 374 414 415 1
374 375 415 416 1
375 376 416 417 0
376 377 417 418 2
377 378 418 419 2
378 379 419 420 2
379 380 420 421 2
380 381 421 422 2
381 382 422 423 2
382 383 423 424 2
383 384 424 425 2
384 385 425 426 2
385 386 426 427 0
386 387 427 428 1
387 388 428 429 1
388 389 429 430 1
389 390 430 431 1
390 391 431 432 1
391 392 432 433 1
392 393 433 434 0
393 394 434 435 3
394 395 435 436 3
395 396 436 437 3
396 397 437 438 3
397 398 438 439 3
398 399 439 440 3
399 400 440 441 3
400 401 441 442 3
401 402 442 443 3
402 403 443 444 0
403 404 444 445 1
404 405 445 446 1
405 406 446 447 1
406 407 447 448 1
407 408 448 449 0
408 409 449 450 0
410 411 451 452 0
411 412 452 453 0
412 413 453 454 1
413 414 454 455 1
414 415 455 456 1
415 416 456 457 1
416 417 457 458 0
417 418 458 459 2
418 419 459 460 2
419 420 460 461 2
420 421 461 462 2
421 422 462 463 2
422 423 463 464 2
423 424 464 465 2
424 425 465 466 2
425 426 466 467 2
426 427 467 468 0
427 428 468 469 1
428 429 469 470 1
429 430 470 471 1
430 431 471 472 1
431 432 472 473 1
432 433 473 474 1
433 434 474 475 0
434 435 475 476 3
435 436 476 477 3
436 437 477 478 3
437 438 478 479 3
438 439 479 480 3
439 440 480 481 3
440 441 481 482 3
441 442 482 483 3
442 443 483 484 3
443 444 484 485 0
444 445 485 486 1
445 446 486 487 1
446 447 487 488 1
447 448 488 489 1
448 449 489 490 0
449 450 490 491 0
451 452 492 493 0
452 453 493 494 0
453 454 494 495 1
454 455 495 496 1
455 456 496 497 1
456 457 497 498 1
457 458 498 499 0
458 459 499 500 2
459 460 500 501 2
460 461 501 502 2
461 462 502 503 2
462 463 503 504 2
463 464 504 505 2
464 465 505 506 2
465 466 506 507 2
466 467 507 508 2
467 468 508 509 0
468 469 509 510 1
469 470 510 511 1
470 471 511 512 1
471 472 512 513 1
472 473 513 514 1
473 474 514 515 1
474 475 515 516 0
475 476 516 517 3
476 477 517 518 3
477 478 518 519 3
478 479 519 520 3
479 480 520 521 3
480 481 521 522 3
481 482 522 523 3
482 483 523 524 3
483 484 524 525 3
484 485 525 526 0
485 486 526 527 1
486 487 527 528 1
487 488 528 529 1
488 489 529 530 1
489 490 530 531 0
490 491 531 532 0
492 493 533 534 0
493 494 534 535 0
494 495 535 536 1
495 496 536 537 1
496 497 537 538 1
497 498 538 539 1
498 499 539 540 0
499 500 540 541 2
500 501 541 542 2
501 502 542 543 2
502 503 543 544 2
503 504 544 545 2
504 505 545 546 2
505 506 546 547 2
506 507 547 548 2
507 508 548 549 2
508 509 549 550 0
509 510 550 551 1
510 511 551 552 1
511 512 552 553 1
512 513 553 554 1
513 514 554 555 1
514 515 555 556 1
515 516 556 557 0
516 517 557 558 3
517 518 558 559 3
518 519 559 560 3
519 520 560 561 3
520 521 561 562 3
521 522 562 563 3
522 523 563 564 3
523 524 564 565 3
524 525 565 566 3
525 526 566 567 0
526 527 567 568 1
527 528 568 569 1
528 529 569 570 1
529 530 570 571 1
530 531 571 572 0
531 532 572 573 0
533 534 574 575 0
534 535 575 576 0
535 536 576 577 1
536 537 577 578 1
537 538 578 579 1
538 539 579 580 1
539 540 580 581 0
540 541 581 582 2
541 542 582 583 2
542 543 583 584 2
543 544 584 585 2
544 545 585 586 2
545 546 586 587 2
546 547 587 588 2
547 548 588 589 2
548 549 589 590 2
549 550 590 591 0
550 551 591 592 1
551 552 592 593 1
552 553 593 594 1
553 554 594 595 1
554 555 595 596 1
555 556 596 597 1
556 557 597 598 0
557 558 598 599 3
558 559 599 600 3
559 560 600 601 3
560 561 601 602 3
561 562 602 603 3
562 563 603 604 3
563 564 604 605 3
564 565 605 606 3
565 566 606 607 3
566 567 607 608 0
567 568 608 609 1
568 569 609 610 1
569 570 610 611 1
570 571 611 612 1
571 572 612 613 0
572 573 613 614 0
574 575 615 616 0
575 576 616 617 0
576 577 617 618 1
577 578 618 619 1
578 579 619 620 1
579 580 620 621 1
580 581 621 622 0
581 582 622 623 2
582 583 623 624 2
583 584 624 625 2
584 585 625 626 2
585 586 626 627 2
586 587 627 628 2
587 588 628 629 2
588 589 629 630 2
589 590 630 631 2
590 591 631 632 0
591 592 632 633 1
592 593 633 634 1
593 594 634 635 1
594 595 635 636 1
595 596 636 637 1
596 597 637 638 1
597 598 638 639 0
598 599 639 640 3
599 600 640 641 3
600 601 641 642 3
601 602 642 643 3
602 603 643 644 3
603 604 644 645 3
604 605 645 646 3
605 606 646 647 3
606 607 647 648 3
607 608 648 649 0
608 609 649 650 1
609 610 650 651 1
610 611 651 652 1
611 612 652 653 1
612 613 653 654 0
613 614 654 655 0
615 616 656 657 0
616 617 657 658 0
617 618 658 659 1
618 619 659 660 1
619 620 660 661 1
620 621 661 662 1
621 622 662 663 0
622 623 663 664 2
623 624 664 665 2
624 625 665 666 2
625 626 666 667 2
626 627 667 668 2
627 628 668 669 2
628 629 669 670 2
629 630 670 671 2
630 631 671 672 2
631 632 672 673 0
632 633 673 674 1
633 634 674 675 1
634 635 675 676 1
635 636 676 677 1
636 637 677 678 1
637 638 678 679 1
638 639 679 680 0
639 640 680 681 3
640 641 681 682 3
641 642 682 683 3
642 643 683 684 3
643 644 684 685 3
644 645 685 686 3
645 646 686 687 3
646 647 687 688 3
647 648 688 689 3
648 649 689 690 0
649 650 690 691 1
650 651 691 692 1
651 652 692 693 1
652 653 693 694 1
653 654 694 695 0
654 655 695 696 0
656 657 697 698 0
657 658 698 699 0
658 659 699 700 1
659 660 700 701 1
660 661 701 702 1
661 662 702 703 1
662 663 703 704 0
663 664 704 705 2
664 665 705 706 2
665 666 706 707 2
666 667 707 708 2
667 668 708 709 2
668 669 709 710 2
669 670 710 711 2
670 671 711 712 2
671 672 712 713 2
672 673 713 714 0
673 674 714 715 1
674 675 715 716 1
675 676 716 717 1
676 677 717 718 1
677 678 718 719 1
678 679 719 720 1
679 680 720 721 0
680 681 721 722 3
681 682 722 723 3
682 683 723 724 3
683 684 724 725 3
684 685 725 726 3
685 686 726 727 3
686 687 727 728 3
687 688 728 729 3
688 689 729 730 3
689 690 730 731 0
690 691 731 732 1
691 692 732 733 1
692 693 733 734 1
693 694 734 735 1
694 695 735 736 0
695 696 736 737 0
697 698 738 739 0
698 699 739 740 0
699 700 740 741 1
700 701 741 742 1
701 702 742 743 1
702 703 743 744 1
703 704 744 745 0
704 705 745 746 0
705 706 746 747 0
706 707 747 748 0
707 708 748 749 0
708 709 749 750 0
709 710 750 751 0
710 711 751 752 0
711 712 752 753 0
712 713 753 754 0
713 714 754 755 0
714 715 755 756 1
715 716 756 757 1
716 717 757 758 1
717 718 758 759 1
718 719 759 760 1
719 720 760 761 1
720 721 761 762 0
721 722 762 763 0
722 723 763 764 0
723 724 764 765 0
724 725 765 766 0
725 726 766 767 0
726 727 767 768 0
727 728 768 769 0
728 729 769 770 0
729 730 770 771 0
730 731 771 772 0
731 732 772 773 1
732 733 773 774 1
733 734 774 775 1
734 735 775 776 1
735 736 776 777 0
736 737 777 778 0
738 739 779 780 0
739 740 780 781 0
740 741 781 782 1
741 742 782 783 1
742 743 783 784 1
743 744 784 785 1
744 745 785 786 1
745 746 786 787 1
746 747 787 788 1
747 748 788 789 1
748 749 789 790 1
749 750 790 791 1
750 751 791 792 1
751 752 792 793 1
752 753 793 794 1
753 754 794 795 1
754 755 795 796 1
755 756 796 797 1
756 757 797 798 1
757 758 798 799 1
758 759 799 800 1
759 760 800 801 1
760 761 801 802 1
761 762 802 803 1
762 763 803 804 1
763 764 804 805 1
764 765 805 806 1
765 766 806 807 1
766 767 807 808 1
767 768 808 809 1
768 769 809 810 1
769 770 810 811 1
770 771 811 812 1
771 772 812 813 1
772 773 813 814 1
773 774 814 815 1
774 775 815 816 1
775 776 816 817 1
776 777 817 818 0
777 778 818 819 0
779 780 820 821 0
780 781 821 822 0
781 782 822 823 1
782 783 823 824 1
783 784 824 825 1
784 785 825 826 1
785 786 826 827 1
786 787 827 828 1
787 788 828 829 1
788 789 829 830 1
789 790 830 831 1
790 791 831 832 1
791 792 832 833 1
792 793 833 834 1
793 794 834 835 1
794 795 835 836 1
795 796 836 837 1
796 797 837 838 1
797 798 838 839 1
798 799 839 840 1
799 800 840 841 1
800 801 841 842 1
801 802 842 843 1
802 803 843 844 1
803 804 844 845 1
804 805 845 846 1
805 806 846 847 1
806 807 847 848 1
807 808 848 849 1
808 809 849 850 1
809 810 850 851 1
810 811 851 852 1
811 812 852 853 1
812 813 853 854 1
813 814 854 855 1
814 815 855 856 1
815 816 856 857 1
816 817 857 858 1
817 818 858 859 0
818 819 859 860 0
820 821 861 862 0
821 822 862 863 0
822 823 863 864 1
823 824 864 865 1
824 825 865 866 1
825 826 866 867 1
826 827 867 868 1
827 828 868 869 1
828 829 869 870 1
829 830 870 871 1
830 831 871 872 1
831 832 872 873 1
832 833 873 874 1
833 834 874 875 1
834 835 875 876 1
835 836 876 877 1
836 837 877 878 1
837 838 878 879 1
838 839 879 880 1
839 840 880 881 1
840 841 881 882 1
841 842 882 883 1
842 843 883 884 1
843 844 884 885 1
844 845 885 886 1
845 846 886 887 1
846 847 887 888 1
847 848 888 889 1
848 849 889 890 1
849 850 890 891 1
850 851 891 892 1
851 852 892 893 1
852 853 893 894 1
853 854 894 895 1
854 855 895 896 1
855 856 896 897 1
856 857 897 898 1
857 858 898 899 1
858 859 899 900 0
859 860 900 901 0
861 862 902 903 0
862 863 903 904 0
863 864 904 905 1
864 865 905 906 1
865 866 906 907 1
866 867 907 908 1
867 868 908 909 1
868 869 909 910 1
869 870 910 911 1
870 871 911 912 1
871 872 912 913 1
872 873 913 914 1
873 874 914 915 1
874 875 915 916 1
875 876 916 917 1
876 877 917 918 1
877 878 918 919 1
878 879 919 920 1
879 880 920 921 1
880 881 921 922 1
881 882 922 923 1
882 883 923 924 1
883 884 924 925 1
884 885 925 926 1
885 886 926 927 1
886 887 927 928 1
887 888 928 929 1
888 889 929 930 1
889 890 930 931 1
890 891 931 932 1
891 892 932 933 1
892 893 933 934 1
893 894 934 935 1
894 895 935 936 1
895 896 936 937 1
896 897 937 938 1
897 898 938 939 1
898 899 939 940 1
899 900 940 941 0
900 901 941 942 0
902 903 943 944 0
903 904 944 945 0
904 905 945 946 1
905 906 946 947 1
906 907 947 948 1
907 908 948 949 1
908 909 949 950 1
909 910 950 951 1
910 911 951 952 1
911 912 952 953 1
912 913 953 954 1
913 914 954 955 1
914 915 955 956 1
915 916 956 957 1
916 917 957 958 1
917 918 958 959 1
918 919 959 960 1
919 920 960 961 1
920 921 961 962 1
921 922 962 963 1
922 923 963 964 1
923 924 964 965 1
924 925 965 966 1
925 926 966 967 1
926 927 967 968 1
927 928 968 969 1
928 929 969 970 1
929 930 970 971 1
930 931 971 972 1
931 932 972 973 1
932 933 973 974 1
933 934 974 975 1
934 935 975 976 1
935 936 976 977 1
936 937 977 978 1
937 938 978 979 1
938 939 979 980 1
939 940 980 981 1
940 941 981 982 0
941 942 982 983 0
943 944 984 985 0
944 945 985 986 0
945 946 986 987 1
946 947 987 988 1
947 948 988 989 1
948 949 989 990 1
949 950 990 991 1
950 951 991 992 1
951 952 992 993 1
952 953 993 994 1
953 954 994 995 1
954 955 995 996 1
955 956 996 997 1
956 957 997 998 1
957 958 998 999 1
958 959 999 1000 1
959 960 1000 1001 1
960 961 1001 1002 1
961 962 1002 1003 1
962 963 1003 1004 1
963 964 1004 1005 1
964 965 1005 1006 1
965 966 1006 1007 1
966 967 1007 1008 1
967 968 1008 1009 1
968 969 1009 1010 1
969 970 1010 1011 1
970 971 1011 1012 1
971 972 1012 1013 1
972 973 1013 1014 1
973 974 1014 1015 1
974 975 1015 1016 1
975 976 1016 1017 1
976 977 1017 1018 1
977 978 1018 1019 1
978 979 1019 1020 1
979 980 1020 1021 1
980 981 1021 1022 1
981 982 1022 1023 0
982 983 1023 1024 0
984 985 1025 1026 0
985 986 1026 1027 0
986 987 1027 1028 1
987 988 1028 1029 1
988 989 1029 1030 1
989 990 1030 1031 1
990 991 1031 1032 1
991 992 1032 1033 1
992 993 1033 1034 1
993 994 1034 1035 1
994 995 1035 1036 1
995 996 1036 1037 1
996 997 1037 1038 1
997 998 1038 1039 1
998 999 1039 1040 1
999 1000 1040 1041 1
1000 1001 1041 1042 1
1001 1002 1042 1043 1
1002 1003 1043 1044 1
1003 1004 1044 1045 1
1004 1005 1045 1046 1
1005 1006 1046 1047 1
1006 1007 1047 1048 1
1007 1008 1048 1049 1
1008 1009 1049 1050 1
1009 1010 1050 1051 1
1010 1011 1051 1052 1
1011 1012 1052 1053 1
1012 1013 1053 1054 1
1013 1014 1054 1055 1
1014 1015 1055 1056 1
1015 1016 1056 1057 1
1016 1017 1057 1058 1
1017 1018 1058 1059 1
1018 1019 1059 1060 1
1019 1020 1060 1061 1
1020 1021 1061 1062 1
1021 1022 1062 1063 1
1022 1023 1063 1064 0
1023 1024 1064 1065 0
1025 1026 1066 1067 0
1026 1027 1067 1068 0
1027 1028 1068 1069 1
1028 1029 1069 1070 1
1029 1030 1070 1071 1
1030 1031 1071 1072 1
1031 1032 1072 1073 1
1032 1033 1073 1074 1
1033 1034 1074 1075 1
1034 1035 1075 1076 1
1035 1036 1076 1077 1
1036 1037 1077 1078 1
1037 1038 1078 1079 1
1038 1039 1079 1080 1
1039 1040 1080 1081 1
1040 1041 1081 1082 1
1041 1042 1082 1083 1
1042 1043 1083 1084 1
1043 1044 1084 1085 1
1044 1045 1085 1086 1
1045 1046 1086 1087 1
1046 1047 1087 1088 1
1047 1048 1088 1089 1
1048 1049 1089 1090 1
1049 1050 1090 1091 1
1050 1051 1091 1092 1
1051 1052 1092 1093 1
1052 1053 1093 1094 1
1053 1054 1094 1095 1
1054 1055 1095 1096 1
1055 1056 1096 1097 1
1056 1057 1097 1098 1
1057 1058 1098 1099 1
1058 1059 1099 1100 1
1059 1060 1100 1101 1
1060 1061 1101 1102 1
1061 1062 1102 1103 1
1062 1063 1103 1104 1
1063 1064 1104 1105 0
1064 1065 1105 1106 0
1066 1067 1107 1108 0
1067 1068 1108 1109 0
1068 1069 1109 1110 1
1069 1070 1110 1111 1
1070 1071 1111 1112 1
1071 1072 1112 1113 1
1072 1073 1113 1114 1
1073 1074 1114 1115 1
1074 1075 1115 1116 1
1075 1076 1116 1117 1
1076 1077 1117 1118 1
1077 1078 1118 1119 1
1078 1079 1119 1120 1
1079 1080 1120 1121 1
1080 1081 1121 1122 1
1081 1082 1122 1123 1
1082 1083 1123 1124 1
1083 1084 1124 1125 1
1084 1085 1125 1126 1
1085 1086 1126 1127 1
1086 1087 1127 1128 1
1087 1088 1128 1129 1
1088 1089 1129 1130 1
1089 1090 1130 1131 1
1090 1091 1131 1132 1
1091 1092 1132 1133 1
1092 1093 1133 1134 1
1093 1094 1134 1135 1
1094 1095 1135 1136 1
1095 1096 1136 1137 1
1096 1097 1137 1138 1
1097 1098 1138 1139 1
1098 1099 1139 1140 1
1099 1100 1140 1141 1
1100 1101 1141 1142 1
1101 1102 1142 1143 1
1102 1103 1143 1144 1
1103 1104 1144 1145 1
1104 1105 1145 1146 0
1105 1106 1146 1147 0
1107 1108 1148 1149 0
1108 1109 1149 1150 0
1109 1110 1150 1151 1
1110 1111 1151 1152 1
1111 1112 1152 1153 1
1112 1113 1153 1154 1
1113 1114 1154 1155 1
1114 1115 1155 1156 1
1115 1116 1156 1157 1
1116 1117 1157 1158 1
1117 1118 1158 1159 1
1118 1119 1159 1160 1
1119 1120 1160 1161 1
1120 1121 1161 1162 1
1121 1122 1162 1163 1
1122 1123 1163 1164 1
1123 1124 1164 1165 1
1124 1125 1165 1166 1
1125 1126 1166 1167 1
1126 1127 1167 1168 1
1127 1128 1168 1169 1
1128 1129 1169 1170 1
1129 1130 1170 1171 1
1130 1131 1171 1172 1
1131 1132 1172 1173 1
1132 1133 1173 1174 1
1133 1134 1174 1175 1
1134 1135 1175 1176 1
1135 1136 1176 1177 1
1136 1137 1177 1178 1
1137 1138 1178 1179 1
1138 1139 1179 1180 1
1139 1140 1180 1181 1
1140 1141 1181 1182 1
1141 1142 1182 1183 1
1142 1143 1183 1184 1
1143 1144 1184 1185 1
1144 1145 1185 1186 1
1145 1146 1186 1187 0
1146 1147 1187 1188 0
1148 1149 1189 1190 0
1149 1150 1190 1191 0
1150 1151 1191 1192 1
1151 1152 1192 1193 1
1152 1153 1193 1194 1
1153 1154 1194 1195 1
1154 1155 1195 1196 1
1155 1156 1196 1197 1
1156 1157 1197 1198 1
1157 1158 1198 1199 1
1158 1159 1199 1200 1
1159 1160 1200 1201 1
1160 1161 1201 1202 1
1161 1162 1202 1203 1
1162 1163 1203 1204 1
1163 1164 1204 1205 1
1164 1165 1205 1206 1
1165 1166 1206 1207 1
1166 1167 1207 1208 1
1167 1168 1208 1209 1
1168 1169 1209 1210 1
1169 1170 1210 1211 1
1170 1171 1211 1212 1
1171 1172 1212 1213 1
1172 1173 1213 1214 1
1173 1174 1214 1215 1
1174 1175 1215 1216 1
1175 1176 1216 1217 1
1176 1177 1217 1218 1
1177 1178 1218 1219 1
1178 1179 1219 1220 1
1179 1180 1220 1221 1
1180 1181 1221 1222 1
1181 1182 1222 1223 1
1182 1183 1223 1224 1
1183 1184 1224 1225 1
1184 1185 1225 1226 1
1185 1186 1226 1227 1
1186 1187 1227 1228 0
1187 1188 1228 1229 0
1189 1190 1230 1231 0
1190 1191 1231 1232 0
1191 1192 1232 1233 1
1192 1193 1233 1234 1
1193 1194 1234 1235 1
1194 1195 1235 1236 1
1195 1196 1236 1237 1
1196 1197 1237 1238 1
1197 1198 1238 1239 1
1198 1199 1239 1240 1
1199 1200 1240 1241 1
1200 1201 1241 1242 1
1201 1202 1242 1243 1
1202 1203 1243 1244 1
1203 1204 1244 1245 1
1204 1205 1245 1246 1
1205 1206 1246 1247 1
1206 1207 1247 1248 1
1207 1208 1248 1249 1
1208 1209 1249 1250 1
1209 1210 1250 1251 1
1210 1211 1251 1252 1
1211 1212 1252 1253 1
1212 1213 1253 1254 1
1213 1214 1254 1255 1
1214 1215 1255 1256 1
1215 1216 1256 1257 1
1216 1217 1257 1258 1
1217 1218 1258 1259 1
1218 1219 1259 1260 1
1219 1220 1260 1261 1
1220 1221 1261 1262 1
1221 1222 1262 1263 1
1222 1223 1263 1264 1
1223 1224 1264 1265 1
1224 1225 1265 1266 1
1225 1226 1266 1267 1
1226 1227 1267 1268 1
1227 1228 1268 1269 0
1228 1229 1269 1270 0
1230 1231 1271 1272 0
1231 1232 1272 1273 0
1232 1233 1273 1274 1
1233 1234 1274 1275 1
1234 1235 1275 1276 1
1235 1236 1276 1277 1
1236 1237 1277 1278 1
1237 1238 1278 1279 1
1238 1239 1279 1280 1
1239 1240 1280 1281 1
1240 1241 1281 1282 1
1241 1242 1282 1283 1
1242 1243 1283 1284 1
1243 1244 1284 1285 1
1244 1245 1285 1286 1
1245 1246 1286 1287 1
1246 1247 1287 1288 1
1247 1248 1288 1289 1
1248 1249 1289 1290 1
1249 1250 1290 1291 1
1250 1251 1291 1292 1
1251 1252 1292 1293 1
1252 1253 1293 1294 1
1253 1254 1294 1295 1
1254 1255 1295 1296 1
1255 1256 1296 1297 1
1256 1257 1297 1298 1
1257 1258 1298 1299 1
1258 1259 1299 1300 1
1259 1260 1300 1301 1
1260 1261 1301 1302 1
1261 1262 1302 1303 1
1262 1263 1303 1304 1
1263 1264 1304 1305 1
1264 1265 1305 1306 1
1265 1266 1306 1307 1
1266 1267 1307 1308 1
1267 1268 1308 1309 1
1268 1269 1309 1310 0
1269 1270 1310 1311 0
1271 1272 1312 1313 0
1272 1273 1313 1314 0
1273 1274 1314 1315 1
1274 1275 1315 1316 1
1275 1276 1316 1317 1
1276 1277 1317 1318 1
1277 1278 1318 1319 1
1278 1279 1319 1320 1
1279 1280 1320 1321 1
1280 1281 1321 1322 1
1281 1282 1322 1323 1
1282 1283 1323 1324 1
1283 1284 1324 1325 1
1284 1285 1325 1326 1
1285 1286 1326 1327 1
1286 1287 1327 1328 1
1287 1288 1328 1329 1
1288 1289 1329 1330 1
1289 1290 1330 1331 1
1290 1291 1331 1332 1
1291 1292 1332 1333 1
1292 1293 1333 1334 1
1293 1294 1334 1335 1
1294 1295 1335 1336 1
1295 1296 1336 1337 1
1296 1297 1337 1338 1
1297 1298 1338 1339 1
1298 1299 1339 1340 1
1299 1300 1340 1341 1
1300 1301 1341 1342 1
1301 1302 1342 1343 1
1302 1303 1343 1344 1
1303 1304 1344 1345 1
1304 1305 1345 1346 1
1305 1306 1346 1347 1
1306 1307 1347 1348 1
1307 1308 1348 1349 1
1308 1309 1349 1350 1
1309 1310 1350 1351 0
1310 1311 1351 1352 0
1312 1313 1353 1354 0
1313 1314 1354 1355 0
1314 1315 1355 1356 1
1315 1316 1356 1357 1
1316 1317 1357 1358 1
1317 1318 1358 1359 1
1318 1319 1359 1360 1
1319 1320 1360 1361 1
1320 1321 1361 1362 1
1321 1322 1362 1363 1
1322 1323 1363 1364 1
1323 1324 1364 1365 1
1324 1325 1365 1366 1
1325 1326 1366 1367 1
1326 1327 1367 1368 1
1327 1328 1368 1369 1
1328 1329 1369 1370 1
1329 1330 1370 1371 1
1330 1331 1371 1372 1
1331 1332 1372 1373 1
1332 1333 1373 1374 1
1333 1334 1374 1375 1
1334 1335 1375 1376 1
1335 1336 1376 1377 1
1336 1337 1377 1378 1
1337 1338 1378 1379 1
1338 1339 1379 1380 1
1339 1340 1380 1381 1
1340 1341 1381 1382 1
1341 1342 1382 1383 1
1342 1343 1383 1384 1
1343 1344 1384 1385 1
1344 1345 1385 1386 1
1345 1346 1386 1387 1
1346 1347 1387 1388 1
1347 1348 1388 1389 1
1348 1349 1389 1390 1
1349 1350 1390 1391 1
1350 1351 1391 1392 0
1351 1352 1392 1393 0
1353 1354 1394 1395 0
1354 1355 1395 1396 0
1355 1356 1396 1397 0
1356 1357 1397 1398 0
1357 1358 1398 1399 0
1358 1359 1399 1400 0
1359 1360 1400 1401 0
1360 1361 1401 1402 0
1361 1362 1402 1403 0
1362 1363 1403 1404 0
1363 1364 1404 1405 0
1364 1365 1405 1406 0
1365 1366 1406 1407 0
1366 1367 1407 1408 0
1367 1368 1408 1409 0
1368 1369 1409 1410 0
1369 1370 1410 1411 0
1370 1371 1411 1412 0
1371 1372 1412 1413 0
1372 1373 1413 1414 0
1373 1374 1414 1415 0
1374 1375 1415 1416 0
1375 1376 1416 1417 0
1376 1377 1417 1418 0
1377 1378 1418 1419 0
1378 1379 1419 1420 0
1379 1380 1420 1421 0
1380 1381 1421 1422 0
1381 1382 1422 1423 0
1382 1383 1423 1424 0
1383 1384 1424 1425 0
1384 1385 1425 1426 0
1385 1386 1426 1427 0
1386 1387 1427 1428 0
1387 1388 1428 1429 0
1388 1389 1429 1430 0
1389 1390 1430 1431 0
1390 1391 1431 1432 0
1391 1392 1432 1433 0
1392 1393 1433 1434 0
1394 1395 1435 1436 0
1395 1396 1436 1437 0
1396 1397 1437 1438 0
1397 1398 1438 1439 0
1398 1399 1439 1440 0
1399 1400 1440 1441 0
1400 1401 1441 1442 0
1401 1402 1442 1443 0
1402 1403 1443 1444 0
1403 1404 1444 1445 0
1404 1405 1445 1446 0
1405 1406 1446 1447 0
1406 1407 1447 1448 0
1407 1408 1448 1449 0
1408 1409 1449 1450 0
1409 1410 1450 1451 0
1410 1411 1451 1452 0
1411 1412 1452 1453 0
1412 1413 1453 1454 0
1413 1414 1454 1455 0
1414 1415 1455 1456 0
1415 1416 1456 1457 0
1416 1417 1457 1458 0
1417 1418 1458 1459 0
1418 1419 1459 1460 0
1419 1420 1460 1461 0
1420 1421 1461 1462 0
1421 1422 1462 1463 0
1422 1423 1463 1464 0
1423 1424 1464 1465 0
1424 1425 1465 1466 0
1425 1426 1466 1467 0
1426 1427 1467 1468 0
1427 1428 1468 1469 0
1428 1429 1469 1470 0
1429 1430 1470 1471 0
1430 1431 1471 1472 0
1431 1432 1472 1473 0
1432 1433 1473 1474 0
1433 1434 1474 1475 0
1435 1436 1476 1477 0
1436 1437 1477 1478 0
1437 1438 1478 1479 0
1438 1439 1479 1480 0
1439 1440 1480 1481 0
1440 1441 1481 1482 0
1441 1442 1482 1483 0
1442 1443 1483 1484 0
1443 1444 1484 1485 0
1444 1445 1485 1486 0
1445 1446 1486 1487 0
1446 1447 1487 1488 0
1447 1448 1488 1489 0
1448 1449 1489 1490 0
1449 1450 1490 1491 0
1450 1451 1491 1492 0
1451 1452 1492 1493 0
1452 1453 1493 1494 0
1453 1454 1494 1495 0
1454 1455 1495 1496 0
1455 1456 1496 1497 0
1456 1457 1497 1498 0
1457 1458 1498 1499 0
1458 1459 1499 1500 0
1459 1460 1500 1501 0
1460 1461 1501 1502 0
1461 1462 1502 1503 0
1462 1463 1503 1504 0
1463 1464 1504 1505 0
1464 1465 1505 1506 0
1465 1466 1506 1507 0
1466 1467 1507 1508 0
1467 1468 1508 1509 0
1468 1469 1509 1510 0
1469 1470 1510 1511 0
1470 1471 1511 1512 0
1471 1472 1512 1513 0
1472 1473 1513 1514 0
1473 1474 1514 1515 0
1474 1475 1515 1516 0
1476 1477 1517 1518 0
1477 1478 1518 1519 0
1478 1479 1519 1520 0
1479 1480 1520 1521 0
1480 1481 1521 1522 0
1481 1482 1522 1523 0
1482 1483 1523 1524 0
1483 1484 1524 1525 0
1484 1485 1525 1526 0
1485 1486 1526 1527 0
1486 1487 1527 1528 0
1487 1488 1528 1529 0
1488 1489 1529 1530 0
1489 1490 1530 1531 0
1490 1491 1531 1532 0
1491 1492 1532 1533 0
1492 1493 1533 1534 0
1493 1494 1534 1535 0
1494 1495 1535 1536 0
1495 1496 1536 1537 0
1496 1497 1537 1538 0
1497 1498 1538 1539 0
1498 1499 1539 1540 0
1499 1500 1540 1541 0
1500 1501 1541 1542 0
1501 1502 1542 1543 0
1502 1503 1543 1544 0
1503 1504 1544 1545 0
1504 1505 1545 1546 0
1505 1506 1546 1547 0
1506 1507 1547 1548 0
1507 1508 1548 1549 0
1508 1509 1549 1550 0
1509 1510 1550 1551 0
1510 1511 1551 1552 0
1511 1512 1552 1553 0
1512 1513 1553 1554 0
1513 1514 1554 1555 0
1514 1515 1555 1556 0
1515 1516 1556 1557 0
1517 1518 1558 1559 0
1518 1519 1559 1560 0
1519 1520 1560 1561 0
1520 1521 1561 1562 0
1521 1522 1562 1563 0
1522 1523 1563 1564 0
1523 1524 1564 1565 0
1524 1525 1565 1566 0
1525 1526 1566 1567 0
1526 1527 1567 1568 0
1527 1528 1568 1569 0
1528 1529 1569 1570 0
1529 1530 1570 1571 0
1530 1531 1571 1572 0
1531 1532 1572 1573 0
1532 1533 1573 1574 0
1533 1534 1574 1575 0
1534 1535 1575 1576 0
1535 1536 1576 1577 0
1536 1537 1577 1578 0
1537 1538 1578 1579 0
1538 1539 1579 1580 0
1539 1540 1580 1581 0
1540 1541 1581 1582 0
1541 1542 1582 1583 0
1542 1543 1583 1584 0
1543 1544 1584 1585 0
1544 1545 1585 1586 0
1545 1546 1586 1587 0
1546 1547 1587 1588 0
1547 1548 1588 1589 0
1548 1549 1589 1590 0
1549 1550 1590 1591 0
1550 1551 1591 1592 0
1551 1552 1592 1593 0
1552 1553 1593 1594 0
1553 1554 1594 1595 0
1554 1555 1595 1596 0
1555 1556 1596 1597 0
1556 1557 1597 1598 0
