-0.06 1E-05
-0.04833333333333333 1E-05
-0.04 1E-05
-0.035171385991058124 1E-05
-0.03114754098360656 1E-05
-0.027794336810730257 1E-05
-0.025 1E-05
-0.0215 1E-05
-0.020611111111111108 1E-05
-0.019722222222222217 1E-05
-0.018833333333333327 1E-05
-0.017944444444444436 1E-05
-0.017055555555555546 1E-05
-0.016166666666666656 1E-05
-0.015277777777777767 1E-05
-0.014388888888888878 1E-05
-0.0135 1E-05
-0.01 1E-05
-0.006666666666666666 1E-05
-0.0033333333333333327 1E-05
8.673617379884035E-19 1E-05
0.0033333333333333344 1E-05
0.006666666666666668 1E-05
0.01 1E-05
0.0135 1E-05
0.014388888888888889 1E-05
0.015277777777777777 1E-05
0.016166666666666666 1E-05
0.017055555555555553 1E-05
0.017944444444444443 1E-05
0.018833333333333334 1E-05
0.019722222222222224 1E-05
0.020611111111111115 1E-05
0.0215 1E-05
0.025 1E-05
0.027794336810730253 1E-05
0.031147540983606555 1E-05
0.03517138599105812 1E-05
0.04 1E-05
0.04833333333333333 1E-05
0.06 1E-05
-0.06 0.002
-0.04833333333333333 0.002
-0.04 0.002
-0.035171385991058124 0.002
-0.03114754098360656 0.002
-0.027794336810730257 0.002
-0.025 0.002
-0.0215 0.002
-0.020611111111111108 0.002
-0.019722222222222217 0.002
-0.018833333333333327 0.002
-0.017944444444444436 0.002
-0.017055555555555546 0.002
-0.016166666666666656 0.002
-0.015277777777777767 0.002
-0.014388888888888878 0.002
-0.0135 0.002
-0.01 0.002
-0.006666666666666666 0.002
-0.0033333333333333327 0.002
8.673617379884035E-19 0.002
0.0033333333333333344 0.002
0.006666666666666668 0.002
0.01 0.002
0.0135 0.002
0.014388888888888889 0.002
0.015277777777777777 0.002
0.016166666666666666 0.002
0.017055555555555553 0.002
0.017944444444444443 0.002
0.018833333333333334 0.002
0.019722222222222224 0.002
0.020611111111111115 0.002
0.0215 0.002
0.025 0.002
0.027794336810730253 0.002
0.031147540983606555 0.002
0.03517138599105812 0.002
0.04 0.002
0.04833333333333333 0.002
0.06 0.002
-0.06 0.004125
-0.04833333333333333 0.004125
-0.04 0.004125
-0.035171385991058124 0.004125
-0.03114754098360656 0.004125
-0.027794336810730257 0.004125
-0.025 0.004125
-0.0215 0.004125
-0.020611111111111108 0.004125
-0.019722222222222217 0.004125
-0.018833333333333327 0.004125
-0.017944444444444436 0.004125
-0.017055555555555546 0.004125
-0.016166666666666656 0.004125
-0.015277777777777767 0.004125
-0.014388888888888878 0.004125
-0.0135 0.004125
-0.01 0.004125
-0.006666666666666666 0.004125
-0.0033333333333333327 0.004125
8.673617379884035E-19 0.004125
0.0033333333333333344 0.004125
0.006666666666666668 0.004125
0.01 0.004125
0.0135 0.004125
0.014388888888888889 0.004125
0.015277777777777777 0.004125
0.016166666666666666 0.004125
0.017055555555555553 0.004125
0.017944444444444443 0.004125
0.018833333333333334 0.004125
0.019722222222222224 0.004125
0.020611111111111115 0.004125
0.0215 0.004125
0.025 0.004125
0.027794336810730253 0.004125
0.031147540983606555 0.004125
0.03517138599105812 0.004125
0.04 0.004125
0.04833333333333333 0.004125
0.06 0.004125
-0.06 0.00625
-0.04833333333333333 0.00625
-0.04 0.00625
-0.035171385991058124 0.00625
-0.03114754098360656 0.00625
-0.027794336810730257 0.00625
-0.025 0.00625
-0.0215 0.00625
-0.020611111111111108 0.00625
-0.019722222222222217 0.00625
-0.018833333333333327 0.00625
-0.017944444444444436 0.00625
-0.017055555555555546 0.00625
-0.016166666666666656 0.00625
-0.015277777777777767 0.00625
-0.014388888888888878 0.00625
-0.0135 0.00625
-0.01 0.00625
-0.006666666666666666 0.00625
-0.0033333333333333327 0.00625
8.673617379884035E-19 0.00625
0.0033333333333333344 0.00625
0.006666666666666668 0.00625
0.01 0.00625
0.0135 0.00625
0.014388888888888889 0.00625
0.015277777777777777 0.00625
0.016166666666666666 0.00625
0.017055555555555553 0.00625
0.017944444444444443 0.00625
0.018833333333333334 0.00625
0.019722222222222224 0.00625
0.020611111111111115 0.00625
0.0215 0.00625
0.025 0.00625
0.027794336810730253 0.00625
0.031147540983606555 0.00625
0.03517138599105812 0.00625
0.04 0.00625
0.04833333333333333 0.00625
0.06 0.00625
-0.06 0.008375
-0.04833333333333333 0.008375
-0.04 0.008375
-0.035171385991058124 0.008375
-0.03114754098360656 0.008375
-0.027794336810730257 0.008375
-0.025 0.008375
-0.0215 0.008375
-0.020611111111111108 0.008375
-0.019722222222222217 0.008375
-0.018833333333333327 0.008375
-0.017944444444444436 0.008375
-0.017055555555555546 0.008375
-0.016166666666666656 0.008375
-0.015277777777777767 0.008375
-0.014388888888888878 0.008375
-0.0135 0.008375
-0.01 0.008375
-0.006666666666666666 0.008375
-0.0033333333333333327 0.008375
8.673617379884035E-19 0.008375
0.0033333333333333344 0.008375
0.006666666666666668 0.008375
0.01 0.008375
0.0135 0.008375
0.014388888888888889 0.008375
0.015277777777777777 0.008375
0.016166666666666666 0.008375
0.017055555555555553 0.008375
0.017944444444444443 0.008375
0.018833333333333334 0.008375
0.019722222222222224 0.008375
0.020611111111111115 0.008375
0.0215 0.008375
0.025 0.008375
0.027794336810730253 0.008375
0.031147540983606555 0.008375
0.03517138599105812 0.008375
0.04 0.008375
0.04833333333333333 0.008375
0.06 0.008375
-0.06 0.0105
-0.04833333333333333 0.0105
-0.04 0.0105
-0.035171385991058124 0.0105
-0.03114754098360656 0.0105
-0.027794336810730257 0.0105
-0.025 0.0105
-0.0215 0.0105
-0.020611111111111108 0.0105
-0.019722222222222217 0.0105
-0.018833333333333327 0.0105
-0.017944444444444436 0.0105
-0.017055555555555546 0.0105
-0.016166666666666656 0.0105
-0.015277777777777767 0.0105
-0.014388888888888878 0.0105
-0.0135 0.0105
-0.01 0.0105
-0.006666666666666666 0.0105
-0.0033333333333333327 0.0105
8.673617379884035E-19 0.0105
0.0033333333333333344 0.0105
0.006666666666666668 0.0105
0.01 0.0105
0.0135 0.0105
0.014388888888888889 0.0105
0.015277777777777777 0.0105
0.016166666666666666 0.0105
0.017055555555555553 0.0105
0.017944444444444443 0.0105
0.018833333333333334 0.0105
0.019722222222222224 0.0105
0.020611111111111115 0.0105
0.0215 0.0105
0.025 0.0105
0.027794336810730253 0.0105
0.031147540983606555 0.0105
0.03517138599105812 0.0105
0.04 0.0105
0.04833333333333333 0.0105
0.06 0.0105
-0.06 0.012625
-0.04833333333333333 0.012625
-0.04 0.012625
-0.035171385991058124 0.012625
-0.03114754098360656 0.012625
-0.027794336810730257 0.012625
-0.025 0.012625
-0.0215 0.012625
-0.020611111111111108 0.012625
-0.019722222222222217 0.012625
-0.018833333333333327 0.012625
-0.017944444444444436 0.012625
-0.017055555555555546 0.012625
-0.016166666666666656 0.012625
-0.015277777777777767 0.012625
-0.014388888888888878 0.012625
-0.0135 0.012625
-0.01 0.012625
-0.006666666666666666 0.012625
-0.0033333333333333327 0.012625
8.673617379884035E-19 0.012625
0.0033333333333333344 0.012625
0.006666666666666668 0.012625
0.01 0.012625
0.0135 0.012625
0.014388888888888889 0.012625
0.015277777777777777 0.012625
0.016166666666666666 0.012625
0.017055555555555553 0.012625
0.017944444444444443 0.012625
0.018833333333333334 0.012625
0.019722222222222224 0.012625
0.020611111111111115 0.012625
0.0215 0.012625
0.025 0.012625
0.027794336810730253 0.012625
0.031147540983606555 0.012625
0.03517138599105812 0.012625
0.04 0.012625
0.04833333333333333 0.012625
0.06 0.012625
-0.06 0.014750000000000001
-0.04833333333333333 0.014750000000000001
-0.04 0.014750000000000001
-0.035171385991058124 0.014750000000000001
-0.03114754098360656 0.014750000000000001
-0.027794336810730257 0.014750000000000001
-0.025 0.014750000000000001
-0.0215 0.014750000000000001
-0.020611111111111108 0.014750000000000001
-0.019722222222222217 0.014750000000000001
-0.018833333333333327 0.014750000000000001
-0.017944444444444436 0.014750000000000001
-0.017055555555555546 0.014750000000000001
-0.016166666666666656 0.014750000000000001
-0.015277777777777767 0.014750000000000001
-0.014388888888888878 0.014750000000000001
-0.0135 0.014750000000000001
-0.01 0.014750000000000001
-0.006666666666666666 0.014750000000000001
-0.0033333333333333327 0.014750000000000001
8.673617379884035E-19 0.014750000000000001
0.0033333333333333344 0.014750000000000001
0.006666666666666668 0.014750000000000001
0.01 0.014750000000000001
0.0135 0.014750000000000001
0.014388888888888889 0.014750000000000001
0.015277777777777777 0.014750000000000001
0.016166666666666666 0.014750000000000001
0.017055555555555553 0.014750000000000001
0.017944444444444443 0.014750000000000001
0.018833333333333334 0.014750000000000001
0.019722222222222224 0.014750000000000001
0.020611111111111115 0.014750000000000001
0.0215 0.014750000000000001
0.025 0.014750000000000001
0.027794336810730253 0.014750000000000001
0.031147540983606555 0.014750000000000001
0.03517138599105812 0.014750000000000001
0.04 0.014750000000000001
0.04833333333333333 0.014750000000000001
0.06 0.014750000000000001
-0.06 0.016875
-0.04833333333333333 0.016875
-0.04 0.016875
-0.035171385991058124 0.016875
-0.03114754098360656 0.016875
-0.027794336810730257 0.016875
-0.025 0.016875
-0.0215 0.016875
-0.020611111111111108 0.016875
-0.019722222222222217 0.016875
-0.018833333333333327 0.016875
-0.017944444444444436 0.016875
-0.017055555555555546 0.016875
-0.016166666666666656 0.016875
-0.015277777777777767 0.016875
-0.014388888888888878 0.016875
-0.0135 0.016875
-0.01 0.016875
-0.006666666666666666 0.016875
-0.0033333333333333327 0.016875
8.673617379884035E-19 0.016875
0.0033333333333333344 0.016875
0.006666666666666668 0.016875
0.01 0.016875
0.0135 0.016875
0.014388888888888889 0.016875
0.015277777777777777 0.016875
0.016166666666666666 0.016875
0.017055555555555553 0.016875
0.017944444444444443 0.016875
0.018833333333333334 0.016875
0.019722222222222224 0.016875
0.020611111111111115 0.016875
0.0215 0.016875
0.025 0.016875
0.027794336810730253 0.016875
0.031147540983606555 0.016875
0.03517138599105812 0.016875
0.04 0.016875
0.04833333333333333 0.016875
0.06 0.016875
-0.06 0.019
-0.04833333333333333 0.019
-0.04 0.019
-0.035171385991058124 0.019
-0.03114754098360656 0.019
-0.027794336810730257 0.019
-0.025 0.019
-0.0215 0.019
-0.020611111111111108 0.019
-0.019722222222222217 0.019
-0.018833333333333327 0.019
-0.017944444444444436 0.019
-0.017055555555555546 0.019
-0.016166666666666656 0.019
-0.015277777777777767 0.019
-0.014388888888888878 0.019
-0.0135 0.019
-0.01 0.019
-0.006666666666666666 0.019
-0.0033333333333333327 0.019
8.673617379884035E-19 0.019
0.0033333333333333344 0.019
0.006666666666666668 0.019
0.01 0.019
0.0135 0.019
0.014388888888888889 0.019
0.015277777777777777 0.019
0.016166666666666666 0.019
0.017055555555555553 0.019
0.017944444444444443 0.019
0.018833333333333334 0.019
0.019722222222222224 0.019
0.020611111111111115 0.019
0.0215 0.019
0.025 0.019
0.027794336810730253 0.019
0.031147540983606555 0.019
0.03517138599105812 0.019
0.04 0.019
0.04833333333333333 0.019
0.06 0.019
-0.06 0.02
-0.04833333333333333 0.02
-0.04 0.02
-0.035171385991058124 0.02
-0.03114754098360656 0.02
-0.027794336810730257 0.02
-0.025 0.02
-0.0215 0.02
-0.020611111111111108 0.02
-0.019722222222222217 0.02
-0.018833333333333327 0.02
-0.017944444444444436 0.02
-0.017055555555555546 0.02
-0.016166666666666656 0.02
-0.015277777777777767 0.02
-0.014388888888888878 0.02
-0.0135 0.02
-0.01 0.02
-0.006666666666666666 0.02
-0.0033333333333333327 0.02
8.673617379884035E-19 0.02
0.0033333333333333344 0.02
0.006666666666666668 0.02
0.01 0.02
0.0135 0.02
0.014388888888888889 0.02
0.015277777777777777 0.02
0.016166666666666666 0.02
0.017055555555555553 0.02
0.017944444444444443 0.02
0.018833333333333334 0.02
0.019722222222222224 0.02
0.020611111111111115 0.02
0.0215 0.02
0.025 0.02
0.027794336810730253 0.02
0.031147540983606555 0.02
0.03517138599105812 0.02
0.04 0.02
0.04833333333333333 0.02
0.06 0.02
-0.06 0.021
-0.04833333333333333 0.021
-0.04 0.021
-0.035171385991058124 0.021
-0.03114754098360656 0.021
-0.027794336810730257 0.021
-0.025 0.021
-0.0215 0.021
-0.020611111111111108 0.021
-0.019722222222222217 0.021
-0.018833333333333327 0.021
-0.017944444444444436 0.021
-0.017055555555555546 0.021
-0.016166666666666656 0.021
-0.015277777777777767 0.021
-0.014388888888888878 0.021
-0.0135 0.021
-0.01 0.021
-0.006666666666666666 0.021
-0.0033333333333333327 0.021
8.673617379884035E-19 0.021
0.0033333333333333344 0.021
0.006666666666666668 0.021
0.01 0.021
0.0135 0.021
0.014388888888888889 0.021
0.015277777777777777 0.021
0.016166666666666666 0.021
0.017055555555555553 0.021
0.017944444444444443 0.021
0.018833333333333334 0.021
0.019722222222222224 0.021
0.020611111111111115 0.021
0.0215 0.021
0.025 0.021
0.027794336810730253 0.021
0.031147540983606555 0.021
0.03517138599105812 0.021
0.04 0.021
0.04833333333333333 0.021
0.06 0.021
-0.06 0.022000000000000002
-0.04833333333333333 0.022000000000000002
-0.04 0.022000000000000002
-0.035171385991058124 0.022000000000000002
-0.03114754098360656 0.022000000000000002
-0.027794336810730257 0.022000000000000002
-0.025 0.022000000000000002
-0.0215 0.022000000000000002
-0.020611111111111108 0.022000000000000002
-0.019722222222222217 0.022000000000000002
-0.018833333333333327 0.022000000000000002
-0.017944444444444436 0.022000000000000002
-0.017055555555555546 0.022000000000000002
-0.016166666666666656 0.022000000000000002
-0.015277777777777767 0.022000000000000002
-0.014388888888888878 0.022000000000000002
-0.0135 0.022000000000000002
-0.01 0.022000000000000002
-0.006666666666666666 0.022000000000000002
-0.0033333333333333327 0.022000000000000002
8.673617379884035E-19 0.022000000000000002
0.0033333333333333344 0.022000000000000002
0.006666666666666668 0.022000000000000002
0.01 0.022000000000000002
0.0135 0.022000000000000002
0.014388888888888889 0.022000000000000002
0.015277777777777777 0.022000000000000002
0.016166666666666666 0.022000000000000002
0.017055555555555553 0.022000000000000002
0.017944444444444443 0.022000000000000002
0.018833333333333334 0.022000000000000002
0.019722222222222224 0.022000000000000002
0.020611111111111115 0.022000000000000002
0.0215 0.022000000000000002
0.025 0.022000000000000002
0.027794336810730253 0.022000000000000002
0.031147540983606555 0.022000000000000002
0.03517138599105812 0.022000000000000002
0.04 0.022000000000000002
0.04833333333333333 0.022000000000000002
0.06 0.022000000000000002
-0.06 0.023000000000000003
-0.04833333333333333 0.023000000000000003
-0.04 0.023000000000000003
-0.035171385991058124 0.023000000000000003
-0.03114754098360656 0.023000000000000003
-0.027794336810730257 0.023000000000000003
-0.025 0.023000000000000003
-0.0215 0.023000000000000003
-0.020611111111111108 0.023000000000000003
-0.019722222222222217 0.023000000000000003
-0.018833333333333327 0.023000000000000003
-0.017944444444444436 0.023000000000000003
-0.017055555555555546 0.023000000000000003
-0.016166666666666656 0.023000000000000003
-0.015277777777777767 0.023000000000000003
-0.014388888888888878 0.023000000000000003
-0.0135 0.023000000000000003
-0.01 0.023000000000000003
-0.006666666666666666 0.023000000000000003
-0.0033333333333333327 0.023000000000000003
8.673617379884035E-19 0.023000000000000003
0.0033333333333333344 0.023000000000000003
0.006666666666666668 0.023000000000000003
0.01 0.023000000000000003
0.0135 0.023000000000000003
0.014388888888888889 0.023000000000000003
0.015277777777777777 0.023000000000000003
0.016166666666666666 0.023000000000000003
0.017055555555555553 0.023000000000000003
0.017944444444444443 0.023000000000000003
0.018833333333333334 0.023000000000000003
0.019722222222222224 0.023000000000000003
0.020611111111111115 0.023000000000000003
0.0215 0.023000000000000003
0.025 0.023000000000000003
0.027794336810730253 0.023000000000000003
0.031147540983606555 0.023000000000000003
0.03517138599105812 0.023000000000000003
0.04 0.023000000000000003
0.04833333333333333 0.023000000000000003
0.06 0.023000000000000003
-0.06 0.024000000000000004
-0.04833333333333333 0.024000000000000004
-0.04 0.024000000000000004
-0.035171385991058124 0.024000000000000004
-0.03114754098360656 0.024000000000000004
-0.027794336810730257 0.024000000000000004
-0.025 0.024000000000000004
-0.0215 0.024000000000000004
-0.020611111111111108 0.024000000000000004
-0.019722222222222217 0.024000000000000004
-0.018833333333333327 0.024000000000000004
-0.017944444444444436 0.024000000000000004
-0.017055555555555546 0.024000000000000004
-0.016166666666666656 0.024000000000000004
-0.015277777777777767 0.024000000000000004
-0.014388888888888878 0.024000000000000004
-0.0135 0.024000000000000004
-0.01 0.024000000000000004
-0.006666666666666666 0.024000000000000004
-0.0033333333333333327 0.024000000000000004
8.673617379884035E-19 0.024000000000000004
0.0033333333333333344 0.024000000000000004
0.006666666666666668 0.024000000000000004
0.01 0.024000000000000004
0.0135 0.024000000000000004
0.014388888888888889 0.024000000000000004
0.015277777777777777 0.024000000000000004
0.016166666666666666 0.024000000000000004
0.017055555555555553 0.024000000000000004
0.017944444444444443 0.024000000000000004
0.018833333333333334 0.024000000000000004
0.019722222222222224 0.024000000000000004
0.020611111111111115 0.024000000000000004
0.0215 0.024000000000000004
0.025 0.024000000000000004
0.027794336810730253 0.024000000000000004
0.031147540983606555 0.024000000000000004
0.03517138599105812 0.024000000000000004
0.04 0.024000000000000004
0.04833333333333333 0.024000000000000004
0.06 0.024000000000000004
-0.06 0.025000000000000005
-0.04833333333333333 0.025000000000000005
-0.04 0.025000000000000005
-0.035171385991058124 0.025000000000000005
-0.03114754098360656 0.025000000000000005
-0.027794336810730257 0.025000000000000005
-0.025 0.025000000000000005
-0.0215 0.025000000000000005
-0.020611111111111108 0.025000000000000005
-0.019722222222222217 0.025000000000000005
-0.018833333333333327 0.025000000000000005
-0.017944444444444436 0.025000000000000005
-0.017055555555555546 0.025000000000000005
-0.016166666666666656 0.025000000000000005
-0.015277777777777767 0.025000000000000005
-0.014388888888888878 0.025000000000000005
-0.0135 0.025000000000000005
-0.01 0.025000000000000005
-0.006666666666666666 0.025000000000000005
-0.0033333333333333327 0.025000000000000005
8.673617379884035E-19 0.025000000000000005
0.0033333333333333344 0.025000000000000005
0.006666666666666668 0.025000000000000005
0.01 0.025000000000000005
0.0135 0.025000000000000005
0.014388888888888889 0.025000000000000005
0.015277777777777777 0.025000000000000005
0.016166666666666666 0.025000000000000005
0.017055555555555553 0.025000000000000005
0.017944444444444443 0.025000000000000005
0.018833333333333334 0.025000000000000005
0.019722222222222224 0.025000000000000005
0.020611111111111115 0.025000000000000005
0.0215 0.025000000000000005
0.025 0.025000000000000005
0.027794336810730253 0.025000000000000005
0.031147540983606555 0.025000000000000005
0.03517138599105812 0.025000000000000005
0.04 0.025000000000000005
0.04833333333333333 0.025000000000000005
0.06 0.025000000000000005
-0.06 0.026000000000000006
-0.04833333333333333 0.026000000000000006
-0.04 0.026000000000000006
-0.035171385991058124 0.026000000000000006
-0.03114754098360656 0.026000000000000006
-0.027794336810730257 0.026000000000000006
-0.025 0.026000000000000006
-0.0215 0.026000000000000006
-0.020611111111111108 0.026000000000000006
-0.019722222222222217 0.026000000000000006
-0.018833333333333327 0.026000000000000006
-0.017944444444444436 0.026000000000000006
-0.017055555555555546 0.026000000000000006
-0.016166666666666656 0.026000000000000006
-0.015277777777777767 0.026000000000000006
-0.014388888888888878 0.026000000000000006
-0.0135 0.026000000000000006
-0.01 0.026000000000000006
-0.006666666666666666 0.026000000000000006
-0.0033333333333333327 0.026000000000000006
8.673617379884035E-19 0.026000000000000006
0.0033333333333333344 0.026000000000000006
0.006666666666666668 0.026000000000000006
0.01 0.026000000000000006
0.0135 0.026000000000000006
0.014388888888888889 0.026000000000000006
0.015277777777777777 0.026000000000000006
0.016166666666666666 0.026000000000000006
0.017055555555555553 0.026000000000000006
0.017944444444444443 0.026000000000000006
0.018833333333333334 0.026000000000000006
0.019722222222222224 0.026000000000000006
0.020611111111111115 0.026000000000000006
0.0215 0.026000000000000006
0.025 0.026000000000000006
0.027794336810730253 0.026000000000000006
0.031147540983606555 0.026000000000000006
0.03517138599105812 0.026000000000000006
0.04 0.026000000000000006
0.04833333333333333 0.026000000000000006
0.06 0.026000000000000006
-0.06 0.027
-0.04833333333333333 0.027
-0.04 0.027
-0.035171385991058124 0.027
-0.03114754098360656 0.027
-0.027794336810730257 0.027
-0.025 0.027
-0.0215 0.027
-0.020611111111111108 0.027
-0.019722222222222217 0.027
-0.018833333333333327 0.027
-0.017944444444444436 0.027
-0.017055555555555546 0.027
-0.016166666666666656 0.027
-0.015277777777777767 0.027
-0.014388888888888878 0.027
-0.0135 0.027
-0.01 0.027
-0.006666666666666666 0.027
-0.0033333333333333327 0.027
8.673617379884035E-19 0.027
0.0033333333333333344 0.027
0.006666666666666668 0.027
0.01 0.027
0.0135 0.027
0.014388888888888889 0.027
0.015277777777777777 0.027
0.016166666666666666 0.027
0.017055555555555553 0.027
0.017944444444444443 0.027
0.018833333333333334 0.027
0.019722222222222224 0.027
0.020611111111111115 0.027
0.0215 0.027
0.025 0.027
0.027794336810730253 0.027
0.031147540983606555 0.027
0.03517138599105812 0.027
0.04 0.027
0.04833333333333333 0.027
0.06 0.027
-0.06 0.03
-0.04833333333333333 0.03
-0.04 0.03
-0.035171385991058124 0.03
-0.03114754098360656 0.03
-0.027794336810730257 0.03
-0.025 0.03
-0.0215 0.03
-0.020611111111111108 0.03
-0.019722222222222217 0.03
-0.018833333333333327 0.03
-0.017944444444444436 0.03
-0.017055555555555546 0.03
-0.016166666666666656 0.03
-0.015277777777777767 0.03
-0.014388888888888878 0.03
-0.0135 0.03
-0.01 0.03
-0.006666666666666666 0.03
-0.0033333333333333327 0.03
8.673617379884035E-19 0.03
0.0033333333333333344 0.03
0.006666666666666668 0.03
0.01 0.03
0.0135 0.03
0.014388888888888889 0.03
0.015277777777777777 0.03
0.016166666666666666 0.03
0.017055555555555553 0.03
0.017944444444444443 0.03
0.018833333333333334 0.03
0.019722222222222224 0.03
0.020611111111111115 0.03
0.0215 0.03
0.025 0.03
0.027794336810730253 0.03
0.031147540983606555 0.03
0.03517138599105812 0.03
0.04 0.03
0.04833333333333333 0.03
0.06 0.03
-0.06 0.032
-0.04833333333333333 0.032
-0.04 0.032
-0.035171385991058124 0.032
-0.03114754098360656 0.032
-0.027794336810730257 0.032
-0.025 0.032
-0.0215 0.032
-0.020611111111111108 0.032
-0.019722222222222217 0.032
-0.018833333333333327 0.032
-0.017944444444444436 0.032
-0.017055555555555546 0.032
-0.016166666666666656 0.032
-0.015277777777777767 0.032
-0.014388888888888878 0.032
-0.0135 0.032
-0.01 0.032
-0.006666666666666666 0.032
-0.0033333333333333327 0.032
8.673617379884035E-19 0.032
0.0033333333333333344 0.032
0.006666666666666668 0.032
0.01 0.032
0.0135 0.032
0.014388888888888889 0.032
0.015277777777777777 0.032
0.016166666666666666 0.032
0.017055555555555553 0.032
0.017944444444444443 0.032
0.018833333333333334 0.032
0.019722222222222224 0.032
0.020611111111111115 0.032
0.0215 0.032
0.025 0.032
0.027794336810730253 0.032
0.031147540983606555 0.032
0.03517138599105812 0.032
0.04 0.032
0.04833333333333333 0.032
0.06 0.032
-0.06 0.034
-0.04833333333333333 0.034
-0.04 0.034
-0.035171385991058124 0.034
-0.03114754098360656 0.034
-0.027794336810730257 0.034
-0.025 0.034
-0.0215 0.034
-0.020611111111111108 0.034
-0.019722222222222217 0.034
-0.018833333333333327 0.034
-0.017944444444444436 0.034
-0.017055555555555546 0.034
-0.016166666666666656 0.034
-0.015277777777777767 0.034
-0.014388888888888878 0.034
-0.0135 0.034
-0.01 0.034
-0.006666666666666666 0.034
-0.0033333333333333327 0.034
8.673617379884035E-19 0.034
0.0033333333333333344 0.034
0.006666666666666668 0.034
0.01 0.034
0.0135 0.034
0.014388888888888889 0.034
0.015277777777777777 0.034
0.016166666666666666 0.034
0.017055555555555553 0.034
0.017944444444444443 0.034
0.018833333333333334 0.034
0.019722222222222224 0.034
0.020611111111111115 0.034
0.0215 0.034
0.025 0.034
0.027794336810730253 0.034
0.031147540983606555 0.034
0.03517138599105812 0.034
0.04 0.034
0.04833333333333333 0.034
0.06 0.034
-0.06 0.036000000000000004
-0.04833333333333333 0.036000000000000004
-0.04 0.036000000000000004
-0.035171385991058124 0.036000000000000004
-0.03114754098360656 0.036000000000000004
-0.027794336810730257 0.036000000000000004
-0.025 0.036000000000000004
-0.0215 0.036000000000000004
-0.020611111111111108 0.036000000000000004
-0.019722222222222217 0.036000000000000004
-0.018833333333333327 0.036000000000000004
-0.017944444444444436 0.036000000000000004
-0.017055555555555546 0.036000000000000004
-0.016166666666666656 0.036000000000000004
-0.015277777777777767 0.036000000000000004
-0.014388888888888878 0.036000000000000004
-0.0135 0.036000000000000004
-0.01 0.036000000000000004
-0.006666666666666666 0.036000000000000004
-0.0033333333333333327 0.036000000000000004
8.673617379884035E-19 0.036000000000000004
0.0033333333333333344 0.036000000000000004
0.006666666666666668 0.036000000000000004
0.01 0.036000000000000004
0.0135 0.036000000000000004
0.014388888888888889 0.036000000000000004
0.015277777777777777 0.036000000000000004
0.016166666666666666 0.036000000000000004
0.017055555555555553 0.036000000000000004
0.017944444444444443 0.036000000000000004
0.018833333333333334 0.036000000000000004
0.019722222222222224 0.036000000000000004
0.020611111111111115 0.036000000000000004
0.0215 0.036000000000000004
0.025 0.036000000000000004
0.027794336810730253 0.036000000000000004
0.031147540983606555 0.036000000000000004
0.03517138599105812 0.036000000000000004
0.04 0.036000000000000004
0.04833333333333333 0.036000000000000004
0.06 0.036000000000000004
-0.06 0.038000000000000006
-0.04833333333333333 0.038000000000000006
-0.04 0.038000000000000006
-0.035171385991058124 0.038000000000000006
-0.03114754098360656 0.038000000000000006
-0.027794336810730257 0.038000000000000006
-0.025 0.038000000000000006
-0.0215 0.038000000000000006
-0.020611111111111108 0.038000000000000006
-0.019722222222222217 0.038000000000000006
-0.018833333333333327 0.038000000000000006
-0.017944444444444436 0.038000000000000006
-0.017055555555555546 0.038000000000000006
-0.016166666666666656 0.038000000000000006
-0.015277777777777767 0.038000000000000006
-0.014388888888888878 0.038000000000000006
-0.0135 0.038000000000000006
-0.01 0.038000000000000006
-0.006666666666666666 0.038000000000000006
-0.0033333333333333327 0.038000000000000006
8.673617379884035E-19 0.038000000000000006
0.0033333333333333344 0.038000000000000006
0.006666666666666668 0.038000000000000006
0.01 0.038000000000000006
0.0135 0.038000000000000006
0.014388888888888889 0.038000000000000006
0.015277777777777777 0.038000000000000006
0.016166666666666666 0.038000000000000006
0.017055555555555553 0.038000000000000006
0.017944444444444443 0.038000000000000006
0.018833333333333334 0.038000000000000006
0.019722222222222224 0.038000000000000006
0.020611111111111115 0.038000000000000006
0.0215 0.038000000000000006
0.025 0.038000000000000006
0.027794336810730253 0.038000000000000006
0.031147540983606555 0.038000000000000006
0.03517138599105812 0.038000000000000006
0.04 0.038000000000000006
0.04833333333333333 0.038000000000000006
0.06 0.038000000000000006
-0.06 0.04000000000000001
-0.04833333333333333 0.04000000000000001
-0.04 0.04000000000000001
-0.035171385991058124 0.04000000000000001
-0.03114754098360656 0.04000000000000001
-0.027794336810730257 0.04000000000000001
-0.025 0.04000000000000001
-0.0215 0.04000000000000001
-0.020611111111111108 0.04000000000000001
-0.019722222222222217 0.04000000000000001
-0.018833333333333327 0.04000000000000001
-0.017944444444444436 0.04000000000000001
-0.017055555555555546 0.04000000000000001
-0.016166666666666656 0.04000000000000001
-0.015277777777777767 0.04000000000000001
-0.014388888888888878 0.04000000000000001
-0.0135 0.04000000000000001
-0.01 0.04000000000000001
-0.006666666666666666 0.04000000000000001
-0.0033333333333333327 0.04000000000000001
8.673617379884035E-19 0.04000000000000001
0.0033333333333333344 0.04000000000000001
0.006666666666666668 0.04000000000000001
0.01 0.04000000000000001
0.0135 0.04000000000000001
0.014388888888888889 0.04000000000000001
0.015277777777777777 0.04000000000000001
0.016166666666666666 0.04000000000000001
0.017055555555555553 0.04000000000000001
0.017944444444444443 0.04000000000000001
0.018833333333333334 0.04000000000000001
0.019722222222222224 0.04000000000000001
0.020611111111111115 0.04000000000000001
0.0215 0.04000000000000001
0.025 0.04000000000000001
0.027794336810730253 0.04000000000000001
0.031147540983606555 0.04000000000000001
0.03517138599105812 0.04000000000000001
0.04 0.04000000000000001
0.04833333333333333 0.04000000000000001
0.06 0.04000000000000001
-0.06 0.04200000000000001
-0.04833333333333333 0.04200000000000001
-0.04 0.04200000000000001
-0.035171385991058124 0.04200000000000001
-0.03114754098360656 0.04200000000000001
-0.027794336810730257 0.04200000000000001
-0.025 0.04200000000000001
-0.0215 0.04200000000000001
-0.020611111111111108 0.04200000000000001
-0.019722222222222217 0.04200000000000001
-0.018833333333333327 0.04200000000000001
-0.017944444444444436 0.04200000000000001
-0.017055555555555546 0.04200000000000001
-0.016166666666666656 0.04200000000000001
-0.015277777777777767 0.04200000000000001
-0.014388888888888878 0.04200000000000001
-0.0135 0.04200000000000001
-0.01 0.04200000000000001
-0.006666666666666666 0.04200000000000001
-0.0033333333333333327 0.04200000000000001
8.673617379884035E-19 0.04200000000000001
0.0033333333333333344 0.04200000000000001
0.006666666666666668 0.04200000000000001
0.01 0.04200000000000001
0.0135 0.04200000000000001
0.014388888888888889 0.04200000000000001
0.015277777777777777 0.04200000000000001
0.016166666666666666 0.04200000000000001
0.017055555555555553 0.04200000000000001
0.017944444444444443 0.04200000000000001
0.018833333333333334 0.04200000000000001
0.019722222222222224 0.04200000000000001
0.020611111111111115 0.04200000000000001
0.0215 0.04200000000000001
0.025 0.04200000000000001
0.027794336810730253 0.04200000000000001
0.031147540983606555 0.04200000000000001
0.03517138599105812 0.04200000000000001
0.04 0.04200000000000001
0.04833333333333333 0.04200000000000001
0.06 0.04200000000000001
-0.06 0.04400000000000001
-0.04833333333333333 0.04400000000000001
-0.04 0.04400000000000001
-0.035171385991058124 0.04400000000000001
-0.03114754098360656 0.04400000000000001
-0.027794336810730257 0.04400000000000001
-0.025 0.04400000000000001
-0.0215 0.04400000000000001
-0.020611111111111108 0.04400000000000001
-0.019722222222222217 0.04400000000000001
-0.018833333333333327 0.04400000000000001
-0.017944444444444436 0.04400000000000001
-0.017055555555555546 0.04400000000000001
-0.016166666666666656 0.04400000000000001
-0.015277777777777767 0.04400000000000001
-0.014388888888888878 0.04400000000000001
-0.0135 0.04400000000000001
-0.01 0.04400000000000001
-0.006666666666666666 0.04400000000000001
-0.0033333333333333327 0.04400000000000001
8.673617379884035E-19 0.04400000000000001
0.0033333333333333344 0.04400000000000001
0.006666666666666668 0.04400000000000001
0.01 0.04400000000000001
0.0135 0.04400000000000001
0.014388888888888889 0.04400000000000001
0.015277777777777777 0.04400000000000001
0.016166666666666666 0.04400000000000001
0.017055555555555553 0.04400000000000001
0.017944444444444443 0.04400000000000001
0.018833333333333334 0.04400000000000001
0.019722222222222224 0.04400000000000001
0.020611111111111115 0.04400000000000001
0.0215 0.04400000000000001
0.025 0.04400000000000001
0.027794336810730253 0.04400000000000001
0.031147540983606555 0.04400000000000001
0.03517138599105812 0.04400000000000001
0.04 0.04400000000000001
0.04833333333333333 0.04400000000000001
0.06 0.04400000000000001
-0.06 0.04600000000000001
-0.04833333333333333 0.04600000000000001
-0.04 0.04600000000000001
-0.035171385991058124 0.04600000000000001
-0.03114754098360656 0.04600000000000001
-0.027794336810730257 0.04600000000000001
-0.025 0.04600000000000001
-0.0215 0.04600000000000001
-0.020611111111111108 0.04600000000000001
-0.019722222222222217 0.04600000000000001
-0.018833333333333327 0.04600000000000001
-0.017944444444444436 0.04600000000000001
-0.017055555555555546 0.04600000000000001
-0.016166666666666656 0.04600000000000001
-0.015277777777777767 0.04600000000000001
-0.014388888888888878 0.04600000000000001
-0.0135 0.04600000000000001
-0.01 0.04600000000000001
-0.006666666666666666 0.04600000000000001
-0.0033333333333333327 0.04600000000000001
8.673617379884035E-19 0.04600000000000001
0.0033333333333333344 0.04600000000000001
0.006666666666666668 0.04600000000000001
0.01 0.04600000000000001
0.0135 0.04600000000000001
0.014388888888888889 0.04600000000000001
0.015277777777777777 0.04600000000000001
0.016166666666666666 0.04600000000000001
0.017055555555555553 0.04600000000000001
0.017944444444444443 0.04600000000000001
0.018833333333333334 0.04600000000000001
0.019722222222222224 0.04600000000000001
0.020611111111111115 0.04600000000000001
0.0215 0.04600000000000001
0.025 0.04600000000000001
0.027794336810730253 0.04600000000000001
0.031147540983606555 0.04600000000000001
0.03517138599105812 0.04600000000000001
0.04 0.04600000000000001
0.04833333333333333 0.04600000000000001
0.06 0.04600000000000001
-0.06 0.048000000000000015
-0.04833333333333333 0.048000000000000015
-0.04 0.048000000000000015
-0.035171385991058124 0.048000000000000015
-0.03114754098360656 0.048000000000000015
-0.027794336810730257 0.048000000000000015
-0.025 0.048000000000000015
-0.0215 0.048000000000000015
-0.020611111111111108 0.048000000000000015
-0.019722222222222217 0.048000000000000015
-0.018833333333333327 0.048000000000000015
-0.017944444444444436 0.048000000000000015
-0.017055555555555546 0.048000000000000015
-0.016166666666666656 0.048000000000000015
-0.015277777777777767 0.048000000000000015
-0.014388888888888878 0.048000000000000015
-0.0135 0.048000000000000015
-0.01 0.048000000000000015
-0.006666666666666666 0.048000000000000015
-0.0033333333333333327 0.048000000000000015
8.673617379884035E-19 0.048000000000000015
0.0033333333333333344 0.048000000000000015
0.006666666666666668 0.048000000000000015
0.01 0.048000000000000015
0.0135 0.048000000000000015
0.014388888888888889 0.048000000000000015
0.015277777777777777 0.048000000000000015
0.016166666666666666 0.048000000000000015
0.017055555555555553 0.048000000000000015
0.017944444444444443 0.048000000000000015
0.018833333333333334 0.048000000000000015
0.019722222222222224 0.048000000000000015
0.020611111111111115 0.048000000000000015
0.0215 0.048000000000000015
0.025 0.048000000000000015
0.027794336810730253 0.048000000000000015
0.031147540983606555 0.048000000000000015
0.03517138599105812 0.048000000000000015
0.04 0.048000000000000015
0.04833333333333333 0.048000000000000015
0.06 0.048000000000000015
-0.06 0.05000000000000002
-0.04833333333333333 0.05000000000000002
-0.04 0.05000000000000002
-0.035171385991058124 0.05000000000000002
-0.03114754098360656 0.05000000000000002
-0.027794336810730257 0.05000000000000002
-0.025 0.05000000000000002
-0.0215 0.05000000000000002
-0.020611111111111108 0.05000000000000002
-0.019722222222222217 0.05000000000000002
-0.018833333333333327 0.05000000000000002
-0.017944444444444436 0.05000000000000002
-0.017055555555555546 0.05000000000000002
-0.016166666666666656 0.05000000000000002
-0.015277777777777767 0.05000000000000002
-0.014388888888888878 0.05000000000000002
-0.0135 0.05000000000000002
-0.01 0.05000000000000002
-0.006666666666666666 0.05000000000000002
-0.0033333333333333327 0.05000000000000002
8.673617379884035E-19 0.05000000000000002
0.0033333333333333344 0.05000000000000002
0.006666666666666668 0.05000000000000002
0.01 0.05000000000000002
0.0135 0.05000000000000002
0.014388888888888889 0.05000000000000002
0.015277777777777777 0.05000000000000002
0.016166666666666666 0.05000000000000002
0.017055555555555553 0.05000000000000002
0.017944444444444443 0.05000000000000002
0.018833333333333334 0.05000000000000002
0.019722222222222224 0.05000000000000002
0.020611111111111115 0.05000000000000002
0.0215 0.05000000000000002
0.025 0.05000000000000002
0.027794336810730253 0.05000000000000002
0.031147540983606555 0.05000000000000002
0.03517138599105812 0.05000000000000002
0.04 0.05000000000000002
0.04833333333333333 0.05000000000000002
0.06 0.05000000000000002
-0.06 0.05200000000000002
-0.04833333333333333 0.05200000000000002
-0.04 0.05200000000000002
-0.035171385991058124 0.05200000000000002
-0.03114754098360656 0.05200000000000002
-0.027794336810730257 0.05200000000000002
-0.025 0.05200000000000002
-0.0215 0.05200000000000002
-0.020611111111111108 0.05200000000000002
-0.019722222222222217 0.05200000000000002
-0.018833333333333327 0.05200000000000002
-0.017944444444444436 0.05200000000000002
-0.017055555555555546 0.05200000000000002
-0.016166666666666656 0.05200000000000002
-0.015277777777777767 0.05200000000000002
-0.014388888888888878 0.05200000000000002
-0.0135 0.05200000000000002
-0.01 0.05200000000000002
-0.006666666666666666 0.05200000000000002
-0.0033333333333333327 0.05200000000000002
8.673617379884035E-19 0.05200000000000002
0.0033333333333333344 0.05200000000000002
0.006666666666666668 0.05200000000000002
0.01 0.05200000000000002
0.0135 0.05200000000000002
0.014388888888888889 0.05200000000000002
0.015277777777777777 0.05200000000000002
0.016166666666666666 0.05200000000000002
0.017055555555555553 0.05200000000000002
0.017944444444444443 0.05200000000000002
0.018833333333333334 0.05200000000000002
0.019722222222222224 0.05200000000000002
0.020611111111111115 0.05200000000000002
0.0215 0.05200000000000002
0.025 0.05200000000000002
0.027794336810730253 0.05200000000000002
0.031147540983606555 0.05200000000000002
0.03517138599105812 0.05200000000000002
0.04 0.05200000000000002
0.04833333333333333 0.05200000000000002
0.06 0.05200000000000002
-0.06 0.05400000000000002
-0.04833333333333333 0.05400000000000002
-0.04 0.05400000000000002
-0.035171385991058124 0.05400000000000002
-0.03114754098360656 0.05400000000000002
-0.027794336810730257 0.05400000000000002
-0.025 0.05400000000000002
-0.0215 0.05400000000000002
-0.020611111111111108 0.05400000000000002
-0.019722222222222217 0.05400000000000002
-0.018833333333333327 0.05400000000000002
-0.017944444444444436 0.05400000000000002
-0.017055555555555546 0.05400000000000002
-0.016166666666666656 0.05400000000000002
-0.015277777777777767 0.05400000000000002
-0.014388888888888878 0.05400000000000002
-0.0135 0.05400000000000002
-0.01 0.05400000000000002
-0.006666666666666666 0.05400000000000002
-0.0033333333333333327 0.05400000000000002
8.673617379884035E-19 0.05400000000000002
0.0033333333333333344 0.05400000000000002
0.006666666666666668 0.05400000000000002
0.01 0.05400000000000002
0.0135 0.05400000000000002
0.014388888888888889 0.05400000000000002
0.015277777777777777 0.05400000000000002
0.016166666666666666 0.05400000000000002
0.017055555555555553 0.05400000000000002
0.017944444444444443 0.05400000000000002
0.018833333333333334 0.05400000000000002
0.019722222222222224 0.05400000000000002
0.020611111111111115 0.05400000000000002
0.0215 0.05400000000000002
0.025 0.05400000000000002
0.027794336810730253 0.05400000000000002
0.031147540983606555 0.05400000000000002
0.03517138599105812 0.05400000000000002
0.04 0.05400000000000002
0.04833333333333333 0.05400000000000002
0.06 0.05400000000000002
-0.06 0.05600000000000002
-0.04833333333333333 0.05600000000000002
-0.04 0.05600000000000002
-0.035171385991058124 0.05600000000000002
-0.03114754098360656 0.05600000000000002
-0.027794336810730257 0.05600000000000002
-0.025 0.05600000000000002
-0.0215 0.05600000000000002
-0.020611111111111108 0.05600000000000002
-0.019722222222222217 0.05600000000000002
-0.018833333333333327 0.05600000000000002
-0.017944444444444436 0.05600000000000002
-0.017055555555555546 0.05600000000000002
-0.016166666666666656 0.05600000000000002
-0.015277777777777767 0.05600000000000002
-0.014388888888888878 0.05600000000000002
-0.0135 0.05600000000000002
-0.01 0.05600000000000002
-0.006666666666666666 0.05600000000000002
-0.0033333333333333327 0.05600000000000002
8.673617379884035E-19 0.05600000000000002
0.0033333333333333344 0.05600000000000002
0.006666666666666668 0.05600000000000002
0.01 0.05600000000000002
0.0135 0.05600000000000002
0.014388888888888889 0.05600000000000002
0.015277777777777777 0.05600000000000002
0.016166666666666666 0.05600000000000002
0.017055555555555553 0.05600000000000002
0.017944444444444443 0.05600000000000002
0.018833333333333334 0.05600000000000002
0.019722222222222224 0.05600000000000002
0.020611111111111115 0.05600000000000002
0.0215 0.05600000000000002
0.025 0.05600000000000002
0.027794336810730253 0.05600000000000002
0.031147540983606555 0.05600000000000002
0.03517138599105812 0.05600000000000002
0.04 0.05600000000000002
0.04833333333333333 0.05600000000000002
0.06 0.05600000000000002
-0.06 0.058000000000000024
-0.04833333333333333 0.058000000000000024
-0.04 0.058000000000000024
-0.035171385991058124 0.058000000000000024
-0.03114754098360656 0.058000000000000024
-0.027794336810730257 0.058000000000000024
-0.025 0.058000000000000024
-0.0215 0.058000000000000024
-0.020611111111111108 0.058000000000000024
-0.019722222222222217 0.058000000000000024
-0.018833333333333327 0.058000000000000024
-0.017944444444444436 0.058000000000000024
-0.017055555555555546 0.058000000000000024
-0.016166666666666656 0.058000000000000024
-0.015277777777777767 0.058000000000000024
-0.014388888888888878 0.058000000000000024
-0.0135 0.058000000000000024
-0.01 0.058000000000000024
-0.006666666666666666 0.058000000000000024
-0.0033333333333333327 0.058000000000000024
8.673617379884035E-19 0.058000000000000024
0.0033333333333333344 0.058000000000000024
0.006666666666666668 0.058000000000000024
0.01 0.058000000000000024
0.0135 0.058000000000000024
0.014388888888888889 0.058000000000000024
0.015277777777777777 0.058000000000000024
0.016166666666666666 0.058000000000000024
0.017055555555555553 0.058000000000000024
0.017944444444444443 0.058000000000000024
0.018833333333333334 0.058000000000000024
0.019722222222222224 0.058000000000000024
0.020611111111111115 0.058000000000000024
0.0215 0.058000000000000024
0.025 0.058000000000000024
0.027794336810730253 0.058000000000000024
0.031147540983606555 0.058000000000000024
0.03517138599105812 0.058000000000000024
0.04 0.058000000000000024
0.04833333333333333 0.058000000000000024
0.06 0.058000000000000024
-0.06 0.06
-0.04833333333333333 0.06
-0.04 0.06
-0.035171385991058124 0.06
-0.03114754098360656 0.06
-0.027794336810730257 0.06
-0.025 0.06
-0.0215 0.06
-0.020611111111111108 0.06
-0.019722222222222217 0.06
-0.018833333333333327 0.06
-0.017944444444444436 0.06
-0.017055555555555546 0.06
-0.016166666666666656 0.06
-0.015277777777777767 0.06
-0.014388888888888878 0.06
-0.0135 0.06
-0.01 0.06
-0.006666666666666666 0.06
-0.0033333333333333327 0.06
8.673617379884035E-19 0.06
0.0033333333333333344 0.06
0.006666666666666668 0.06
0.01 0.06
0.0135 0.06
0.014388888888888889 0.06
0.015277777777777777 0.06
0.016166666666666666 0.06
0.017055555555555553 0.06
0.017944444444444443 0.06
0.018833333333333334 0.06
0.019722222222222224 0.06
0.020611111111111115 0.06
0.0215 0.06
0.025 0.06
0.027794336810730253 0.06
0.031147540983606555 0.06
0.03517138599105812 0.06
0.04 0.06
0.04833333333333333 0.06
0.06 0.06
-0.06 0.064
-0.04833333333333333 0.064
-0.04 0.064
-0.035171385991058124 0.064
-0.03114754098360656 0.064
-0.027794336810730257 0.064
-0.025 0.064
-0.0215 0.064
-0.020611111111111108 0.064
-0.019722222222222217 0.064
-0.018833333333333327 0.064
-0.017944444444444436 0.064
-0.017055555555555546 0.064
-0.016166666666666656 0.064
-0.015277777777777767 0.064
-0.014388888888888878 0.064
-0.0135 0.064
-0.01 0.064
-0.006666666666666666 0.064
-0.0033333333333333327 0.064
8.673617379884035E-19 0.064
0.0033333333333333344 0.064
0.006666666666666668 0.064
0.01 0.064
0.0135 0.064
0.014388888888888889 0.064
0.015277777777777777 0.064
0.016166666666666666 0.064
0.017055555555555553 0.064
0.017944444444444443 0.064
0.018833333333333334 0.064
0.019722222222222224 0.064
0.020611111111111115 0.064
0.0215 0.064
0.025 0.064
0.027794336810730253 0.064
0.031147540983606555 0.064
0.03517138599105812 0.064
0.04 0.064
0.04833333333333333 0.064
0.06 0.064
-0.06 0.068
-0.04833333333333333 0.068
-0.04 0.068
-0.035171385991058124 0.068
-0.03114754098360656 0.068
-0.027794336810730257 0.068
-0.025 0.068
-0.0215 0.068
-0.020611111111111108 0.068
-0.019722222222222217 0.068
-0.018833333333333327 0.068
-0.017944444444444436 0.068
-0.017055555555555546 0.068
-0.016166666666666656 0.068
-0.015277777777777767 0.068
-0.014388888888888878 0.068
-0.0135 0.068
-0.01 0.068
-0.006666666666666666 0.068
-0.0033333333333333327 0.068
8.673617379884035E-19 0.068
0.0033333333333333344 0.068
0.006666666666666668 0.068
0.01 0.068
0.0135 0.068
0.014388888888888889 0.068
0.015277777777777777 0.068
0.016166666666666666 0.068
0.017055555555555553 0.068
0.017944444444444443 0.068
0.018833333333333334 0.068
0.019722222222222224 0.068
0.020611111111111115 0.068
0.0215 0.068
0.025 0.068
0.027794336810730253 0.068
0.031147540983606555 0.068
0.03517138599105812 0.068
0.04 0.068
0.04833333333333333 0.068
0.06 0.068
-0.06 0.07200000000000001
-0.04833333333333333 0.07200000000000001
-0.04 0.07200000000000001
-0.035171385991058124 0.07200000000000001
-0.03114754098360656 0.07200000000000001
-0.027794336810730257 0.07200000000000001
-0.025 0.07200000000000001
-0.0215 0.07200000000000001
-0.020611111111111108 0.07200000000000001
-0.019722222222222217 0.07200000000000001
-0.018833333333333327 0.07200000000000001
-0.017944444444444436 0.07200000000000001
-0.017055555555555546 0.07200000000000001
-0.016166666666666656 0.07200000000000001
-0.015277777777777767 0.07200000000000001
-0.014388888888888878 0.07200000000000001
-0.0135 0.07200000000000001
-0.01 0.07200000000000001
-0.006666666666666666 0.07200000000000001
-0.0033333333333333327 0.07200000000000001
8.673617379884035E-19 0.07200000000000001
0.0033333333333333344 0.07200000000000001
0.006666666666666668 0.07200000000000001
0.01 0.07200000000000001
0.0135 0.07200000000000001
0.014388888888888889 0.07200000000000001
0.015277777777777777 0.07200000000000001
0.016166666666666666 0.07200000000000001
0.017055555555555553 0.07200000000000001
0.017944444444444443 0.07200000000000001
0.018833333333333334 0.07200000000000001
0.019722222222222224 0.07200000000000001
0.020611111111111115 0.07200000000000001
0.0215 0.07200000000000001
0.025 0.07200000000000001
0.027794336810730253 0.07200000000000001
0.031147540983606555 0.07200000000000001
0.03517138599105812 0.07200000000000001
0.04 0.07200000000000001
0.04833333333333333 0.07200000000000001
0.06 0.07200000000000001
-0.06 0.07600000000000001
-0.04833333333333333 0.07600000000000001
-0.04 0.07600000000000001
-0.035171385991058124 0.07600000000000001
-0.03114754098360656 0.07600000000000001
-0.027794336810730257 0.07600000000000001
-0.025 0.07600000000000001
-0.0215 0.07600000000000001
-0.020611111111111108 0.07600000000000001
-0.019722222222222217 0.07600000000000001
-0.018833333333333327 0.07600000000000001
-0.017944444444444436 0.07600000000000001
-0.017055555555555546 0.07600000000000001
-0.016166666666666656 0.07600000000000001
-0.015277777777777767 0.07600000000000001
-0.014388888888888878 0.07600000000000001
-0.0135 0.07600000000000001
-0.01 0.07600000000000001
-0.006666666666666666 0.07600000000000001
-0.0033333333333333327 0.07600000000000001
8.673617379884035E-19 0.07600000000000001
0.0033333333333333344 0.07600000000000001
0.006666666666666668 0.07600000000000001
0.01 0.07600000000000001
0.0135 0.07600000000000001
0.014388888888888889 0.07600000000000001
0.015277777777777777 0.07600000000000001
0.016166666666666666 0.07600000000000001
0.017055555555555553 0.07600000000000001
0.017944444444444443 0.07600000000000001
0.018833333333333334 0.07600000000000001
0.019722222222222224 0.07600000000000001
0.020611111111111115 0.07600000000000001
0.0215 0.07600000000000001
0.025 0.07600000000000001
0.027794336810730253 0.07600000000000001
0.031147540983606555 0.07600000000000001
0.03517138599105812 0.07600000000000001
0.04 0.07600000000000001
0.04833333333333333 0.07600000000000001
0.06 0.07600000000000001
-0.06 0.08
-0.04833333333333333 0.08
-0.04 0.08
-0.035171385991058124 0.08
-0.03114754098360656 0.08
-0.027794336810730257 0.08
-0.025 0.08
-0.0215 0.08
-0.020611111111111108 0.08
-0.019722222222222217 0.08
-0.018833333333333327 0.08
-0.017944444444444436 0.08
-0.017055555555555546 0.08
-0.016166666666666656 0.08
-0.015277777777777767 0.08
-0.014388888888888878 0.08
-0.0135 0.08
-0.01 0.08
-0.006666666666666666 0.08
-0.0033333333333333327 0.08
8.673617379884035E-19 0.08
0.0033333333333333344 0.08
0.006666666666666668 0.08
0.01 0.08
0.0135 0.08
0.014388888888888889 0.08
0.015277777777777777 0.08
0.016166666666666666 0.08
0.017055555555555553 0.08
0.017944444444444443 0.08
0.018833333333333334 0.08
0.019722222222222224 0.08
0.020611111111111115 0.08
0.0215 0.08
0.025 0.08
0.027794336810730253 0.08
0.031147540983606555 0.08
0.03517138599105812 0.08
0.04 0.08
0.04833333333333333 0.08
0.06 0.08
