3.569763422091764E-29
0.05200240729484196
0.08554150928292521
0.11139071424490618
0.12440820257373138
0.1551405071373361
0.15596388427112523
0.15467942196494142
0.15336728712319825
0.15161173601515138
0.14939724404834306
0.14671476903736425
0.14355943333801555
0.13992983803494566
0.1358278271041536
0.13125854409329699
0.12623084313659172
0.10143218981425656
0.07074967242388719
0.03614228506598804
2.224429247388001E-16
-0.036142285065987614
-0.07074967242388668
-0.10143218981425593
-0.1262308431365912
-0.13125854409329657
-0.13582782710415303
-0.13992983803494521
-0.14355943333801502
-0.14671476903736372
-0.14939724404834248
-0.15161173601515082
-0.1533672871231976
-0.1546794219649408
-0.15596388427112487
-0.15514050713733615
-0.12440820257373068
-0.11139071424490601
-0.08554150928292532
-0.05200240729484203
-3.569763422091771E-29
7.410895172500908E-29
0.052052961973376013
0.08590014870910842
0.11165957441456784
0.12958035037208027
0.1535622408156177
0.15676212434121195
0.1557587346476148
0.15449675104462965
0.15277312522034192
0.1505792980066995
0.14790821820633177
0.14475583469135536
0.14112130094007852
0.13700677773771244
0.13241703192255638
0.1273591954107495
0.10298400221850297
0.07126827793964104
0.03642754851739067
2.1850321671327059E-16
-0.036427548517390204
-0.07126827793964052
-0.10298400221850236
-0.12735919541074886
-0.1324170319225558
-0.13700677773771183
-0.1411213009400779
-0.14475583469135467
-0.14790821820633132
-0.15057929800669898
-0.15277312522034137
-0.15449675104462912
-0.15575873464761428
-0.15676212434121173
-0.15356224081561765
-0.12958035037207963
-0.11165957441456761
-0.08590014870910848
-0.05205296197337604
-7.410895172500914E-29
7.658779702829213E-29
0.052247303442847504
0.08684541562217622
0.11382499143605788
0.13560153955792684
0.15294229980527727
0.15937134388005259
0.15941081105529564
0.15826682452635274
0.15663531191704344
0.15450484881143114
0.15186825086565714
0.14872234962184006
0.14506803688650355
0.14091005361740103
0.13625613164686914
0.13111431215138214
0.10707633090745114
0.07357053531428946
0.037525383289333795
2.114080140147301E-16
-0.03752538328933341
-0.073570535314289
-0.10707633090745061
-0.1311143121513817
-0.13625613164686864
-0.14091005361740055
-0.14506803688650302
-0.14872234962183942
-0.1518682508656566
-0.1545048488114307
-0.15663531191704272
-0.15826682452635232
-0.15941081105529512
-0.15937134388005222
-0.15294229980527727
-0.1356015395579265
-0.11382499143605765
-0.08684541562217633
-0.05224730344284757
-7.658779702829225E-29
7.67166523640789E-29
0.05255570716503312
0.08828547494566737
0.11712535575019421
0.14024129965898396
0.15604308752837376
0.16445140379228487
0.16578680841271548
0.16484828900906282
0.1633738998532755
0.16134960262832126
0.1587665227985267
0.1556215451785737
0.15191771261079695
0.1476647103269113
0.14287982108051078
0.13759061167549091
0.11245926541114984
0.0772825640903718
0.039333514574555736
1.98980965095973E-16
-0.03933351457455529
-0.07728256409037138
-0.1124592654111494
-0.1375906116754905
-0.14287982108051028
-0.14766471032691073
-0.1519177126107964
-0.15562154517857327
-0.15876652279852616
-0.1613496026283208
-0.16337389985327494
-0.1648482890090623
-0.16578680841271495
-0.1644514037922846
-0.15604308752837362
-0.1402412996589837
-0.11712535575019423
-0.08828547494566738
-0.05255570716503319
-7.671665236407897E-29
7.691023987050793E-29
0.0529358825470944
0.09007264068976788
0.12077808343840084
0.1450930229503275
0.16198783023115235
0.1723103362911657
0.175143875868091
0.17452169366183132
0.1732890311182706
0.17142532874976957
0.16891670670520326
0.16575730092410412
0.16195048401907297
0.1575091990436864
0.15245535752212291
0.14681857329883494
0.11973812142963258
0.08223351069295705
0.0417795753402154
1.8432178313638236E-16
-0.041779575340215015
-0.0822335106929567
-0.11973812142963218
-0.1468185732988345
-0.15245535752212253
-0.15750919904368602
-0.16195048401907247
-0.1657573009241036
-0.16891670670520262
-0.1714253287497692
-0.17328903111827
-0.17452169366183082
-0.17514387586809047
-0.17231033629116524
-0.16198783023115207
-0.1450930229503272
-0.12077808343840077
-0.09007264068976797
-0.052935882547094436
-7.691023987050803E-29
7.706207895996903E-29
0.05334031553111628
0.09200013879818279
0.12453594919215266
0.15067052168356954
0.16993128219273357
0.18263198306936262
0.18786112970674848
0.18771538528940324
0.18685654895349899
0.18524449450796204
0.1828498572533093
0.17965865123380725
0.17567287875017254
0.17091052819212632
0.165404891758309
0.1591997793153855
0.12912318347500562
0.08839065768664847
0.04476074076419355
1.668148034460217E-16
-0.0447607407641932
-0.08839065768664818
-0.12912318347500526
-0.15919977931538518
-0.16540489175830864
-0.17091052819212582
-0.17567287875017212
-0.17965865123380675
-0.18284985725330888
-0.18524449450796152
-0.18685654895349857
-0.1877153852894027
-0.18786112970674795
-0.1826319830693623
-0.16993128219273346
-0.15067052168356937
-0.12453594919215272
-0.0920001387981829
-0.053340315531116345
-7.706207895996912E-29
7.713200569023813E-29
0.05371126917598863
0.09387002485267405
0.12824814698931547
0.15676748522407616
0.17921519959065582
0.1952578393461109
0.20439936363857458
0.20504461504972984
0.20482041372197446
0.20363893540141534
0.20144540689027662
0.19821129332948356
0.19393692646903626
0.1886514458997311
0.18241006486658057
0.17530078658611636
0.14070583921742477
0.09558788107287951
0.048125489806868725
1.4842830714524892E-16
-0.048125489806868434
-0.09558788107287922
-0.14070583921742438
-0.1753007865861161
-0.18241006486658023
-0.1886514458997307
-0.19393692646903588
-0.19821129332948317
-0.20144540689027615
-0.203638935401415
-0.20482041372197396
-0.20504461504972937
-0.20439936363857417
-0.19525783934611068
-0.17921519959065565
-0.15676748522407594
-0.12824814698931566
-0.09387002485267419
-0.05371126917598873
-7.713200569023817E-29
7.708252683255002E-29
0.053986568807036915
0.09550397073027483
0.13168809375438742
0.16288014046240926
0.18916460105083008
0.20990918775348427
0.22543546032162307
0.22749474069940331
0.2283924859260066
0.22800622946354598
0.22620967368006065
0.22293044129640102
0.21816747523668265
0.21199097163475253
0.20452483510659358
0.19588881095510285
0.15433564603149846
0.10340120550368809
0.05162339534772038
1.344841983695666E-16
-0.05162339534772012
-0.10340120550368781
-0.15433564603149813
-0.1958888109551026
-0.20452483510659347
-0.21199097163475247
-0.21816747523668234
-0.22293044129640074
-0.22620967368006037
-0.22800622946354573
-0.22839248592600633
-0.227494740699403
-0.2254354603216227
-0.209909187753484
-0.18916460105082994
-0.16288014046240912
-0.13168809375438734
-0.095503970730275
-0.053986568807036985
-7.70825268325503E-29
7.686306765080455E-29
0.05410659715670091
0.09673875165889917
0.13455575249447155
0.16838612863482327
0.19875030686326783
0.22562802296192846
0.2519591724760898
0.2564949362929198
0.25965589509615283
0.260890580375598
0.2599083184284979
0.25658960269132897
0.25093234985971763
0.24305184278694417
0.23323436618260895
0.2220265441708843
0.16915768450443744
0.11102079839769964
0.05491284114721148
1.1801447297487854E-16
-0.05491284114721128
-0.11102079839769942
-0.16915768450443722
-0.2220265441708843
-0.23323436618260884
-0.24305184278694417
-0.25093234985971735
-0.25658960269132874
-0.2599083184284979
-0.260890580375598
-0.2596558950961527
-0.2564949362929194
-0.2519591724760895
-0.22562802296192833
-0.19875030686326786
-0.16838612863482333
-0.13455575249447174
-0.09673875165889931
-0.054106597156701026
-7.68630676508047E-29
5.626850086786914E-29
0.05401905795577019
0.09742763039078899
0.13653386923606237
0.17260048238118475
0.20670251758272493
0.23962389901690584
0.2843161121207759
0.29551173369232603
0.3031897714766871
0.3071719713865414
0.30748100147924906
0.30413428215216937
0.2971290849581433
0.28644243648024903
0.2720458631567005
0.2541120608986899
0.18252345890112484
0.11745248220162813
0.05757731240876444
1.0698701624693295E-16
-0.05757731240876425
-0.11745248220162786
-0.18252345890112462
-0.2541120608986899
-0.27204586315670076
-0.2864424364802494
-0.2971290849581435
-0.30413428215216937
-0.3074810014792491
-0.30717197138654123
-0.3031897714766874
-0.2955117336923264
-0.284316112120776
-0.239623899016906
-0.20670251758272506
-0.17260048238118483
-0.13653386923606242
-0.09742763039078908
-0.054019057955770326
-5.626850086786918E-29
3.5837398964526195E-29
0.05389318784942995
0.09752818933434541
0.13707546960854491
0.17394429609239967
0.2095008757292037
0.24468804725854384
0.2986935070819834
0.31417728375507464
0.32413005840482023
0.3294329242335175
0.33035347242730095
0.3269986749241771
0.3193656863483902
0.30734170252191834
0.29065283664315944
0.26840975316821186
0.18742323450610526
0.11976951726928117
0.0584916774820068
9.553466555090823E-17
-0.05849167748200661
-0.11976951726928094
-0.18742323450610504
-0.26840975316821203
-0.29065283664315955
-0.3073417025219189
-0.3193656863483903
-0.32699867492417745
-0.33035347242730106
-0.3294329242335179
-0.3241300584048205
-0.3141772837550748
-0.2986935070819838
-0.24468804725854398
-0.20950087572920376
-0.17394429609239984
-0.13707546960854497
-0.0975281893343455
-0.053893187849430056
-3.583739896452577E-29
3.5665421322238166E-29
0.05370811830286356
0.09746965068061748
0.13732941395299664
0.17480567652178655
0.21144702398087123
0.24867793579508718
0.3091505475920926
0.3266375831125445
0.338272591051143
0.3446119434658134
0.3460238481015376
0.3426645092317029
0.33453113501977594
0.3214617734521507
0.30308193320691373
0.278828598249639
0.19131928093002246
0.12141947310783467
0.05914716211278548
8.305462442954733E-17
-0.05914716211278526
-0.12141947310783446
-0.19131928093002215
-0.27882859824963896
-0.3030819332069141
-0.32146177345215093
-0.33453113501977644
-0.34266450923170355
-0.3460238481015381
-0.34461194346581386
-0.3382725910511433
-0.3266375831125452
-0.3091505475920935
-0.24867793579508748
-0.21144702398087145
-0.17480567652178675
-0.13732941395299683
-0.09746965068061764
-0.05370811830286365
-3.5665421322238295E-29
3.5459586564405194E-29
0.05346091463725032
0.09724379312605785
0.1372786720237404
0.17513147891280198
0.21247381407653457
0.2511149220604422
0.3153331068439235
0.33387849930918134
0.3464083712039184
0.35337473898382654
0.35509668891619545
0.35173626590584345
0.3432909334326806
0.3295934024519924
0.31031888597992235
0.28500894478191635
0.19375650848308118
0.12236077011138068
0.05950551652168202
7.767524085828879E-17
-0.059505516521681866
-0.12236077011138055
-0.19375650848308096
-0.28500894478191646
-0.3103188859799225
-0.3295934024519928
-0.343290933432681
-0.3517362659058439
-0.355096688916196
-0.353374738983827
-0.3464083712039192
-0.333878499309182
-0.3153331068439244
-0.2511149220604425
-0.2124738140765347
-0.17513147891280212
-0.13727867202374056
-0.0972437931260581
-0.053460914637250445
-3.545958656440526E-29
3.521952067175973E-29
0.05314918904389814
0.096844999789076
0.13690991730797838
0.17489218220594105
0.21251420747100913
0.25170828884306173
0.3172311395871031
0.3361242995256254
0.34895004051015455
0.3561272925749132
0.3579585612609881
0.3546001815442613
0.34605009162834827
0.33214764724040996
0.31258546344445465
0.286938712628292
0.19445149940077971
0.12254643467120911
0.059546782844678785
7.151786507535445E-17
-0.059546782844678646
-0.12254643467120901
-0.19445149940077955
-0.286938712628292
-0.31258546344445487
-0.33214764724041024
-0.34605009162834865
-0.35460018154426154
-0.35795856126098835
-0.35612729257491366
-0.34895004051015505
-0.33612429952562606
-0.31723113958710375
-0.25170828884306196
-0.2125142074710095
-0.17489218220594138
-0.1369099173079785
-0.09684499978907618
-0.05314918904389827
-3.52195206717597E-29
3.494423960758561E-29
0.05277118107959332
0.09627000903751957
0.13621625796959658
0.17407467896234463
0.21153647712251616
0.2503693144729909
0.3148553599805349
0.3334475214171889
0.3460138094645218
0.3530065757472266
0.3547448789610373
0.3513910568735445
0.3429437743304782
0.329237778226811
0.3099504387043991
0.2846247588500521
0.1933129308196004
0.12195059469454919
0.05926240019396969
6.55696496326585E-17
-0.059262400193969576
-0.12195059469454911
-0.19331293081960027
-0.2846247588500521
-0.3099504387043993
-0.32923777822681094
-0.3429437743304785
-0.35139105687354466
-0.3547448789610375
-0.35300657574722694
-0.34601380946452226
-0.33344752141718936
-0.31485535998053593
-0.25036931447299116
-0.21153647712251647
-0.174074678962345
-0.1362162579695968
-0.09627000903751973
-0.05277118107959345
-3.494423960758537E-29
3.4632540364330734E-29
0.05232577157225855
0.09551786978672375
0.13519808335318795
0.17267993544007815
0.20955848291123147
0.24719058045412362
0.30820902775530473
0.3257885081248308
0.3374958431657217
0.3438882897965184
0.34533330593585787
0.34198562759268397
0.3338449208533437
0.32075557158465845
0.30234826961036615
0.27806285756023047
0.1904241185685636
0.12058097730003348
0.05865277706512248
5.839657590128359E-17
-0.05865277706512236
-0.12058097730003338
-0.19042411856856356
-0.27806285756023047
-0.30234826961036654
-0.3207555715846588
-0.3338449208533438
-0.3419856275926841
-0.3453333059358581
-0.3438882897965188
-0.3374958431657221
-0.3257885081248313
-0.3082090277553052
-0.24719058045412395
-0.20955848291123177
-0.17267993544007845
-0.13519808335318806
-0.09551786978672391
-0.05232577157225867
-3.463254036433081E-29
3.428254794406029E-29
0.05181245441627554
0.09458999186873548
0.13386238270414635
0.17072583659534302
0.20662927004798437
0.24246780597482925
0.2973191878146266
0.3129349307845386
0.32299149033622215
0.3283802215853144
0.3293536672718682
0.3260124727973936
0.31835752393211875
0.30628989760929554
0.28955867587996104
0.26726989323648287
0.1860609193360929
0.11846265976592926
0.057730941065137584
5.1025365398257405E-17
-0.057730941065137514
-0.11846265976592918
-0.18606091933609298
-0.2672698932364827
-0.289558675879961
-0.3062898976092956
-0.3183575239321189
-0.32601247279739376
-0.32935366727186854
-0.32838022158531455
-0.3229914903362221
-0.3129349307845389
-0.29731918781462746
-0.24246780597482934
-0.2066292700479845
-0.17072583659534324
-0.1338623827041466
-0.0945899918687356
-0.05181245441627567
-3.428254794406032E-29
6.71525638982887E-29
0.051231238427925985
0.09349041407268671
0.13222002108373454
0.168255603851594
0.20278928922766237
0.23668195541015918
0.282580266696769
0.2938721138403179
0.30171515211917305
0.30583756446476273
0.3062259714089354
0.30289008745660045
0.2958321565497833
0.2850468621228781
0.2705525218085265
0.25263253153011106
0.18066678143431056
0.11560750696516771
0.05653169830369529
4.0121441913432044E-17
-0.05653169830369524
-0.11560750696516765
-0.18066678143431059
-0.25263253153011084
-0.2705525218085268
-0.2850468621228779
-0.29583215654978334
-0.3028900874566004
-0.3062259714089354
-0.30583756446476296
-0.3017151521191735
-0.2938721138403182
-0.2825802666967692
-0.23668195541015946
-0.20278928922766268
-0.1682556038515942
-0.1322200210837347
-0.09349041407268692
-0.051231238427926096
-6.715256389828888E-29
8.158806156891708E-29
0.04908609820378595
0.08925034775087523
0.1256788050768902
0.1582410969158386
0.18734085516815788
0.21323287803912958
0.23825495480830708
0.24180657895896537
0.24414055487678363
0.24479861166237693
0.2435086706379648
0.2401576702080479
0.23475538258537326
0.22743295980501138
0.21847505858288208
0.20833741341557946
0.15836533938196318
0.10407916370539007
0.05155586322265038
1.5179365207786865E-18
-0.05155586322265038
-0.10407916370539003
-0.15836533938196323
-0.20833741341557943
-0.21847505858288208
-0.22743295980501135
-0.23475538258537307
-0.24015767020804787
-0.24350867063796497
-0.24479861166237699
-0.24414055487678382
-0.2418065789589656
-0.2382549548083073
-0.21323287803912963
-0.18734085516815785
-0.15824109691583865
-0.1256788050768902
-0.0892503477508754
-0.04908609820378611
-8.158806156891748E-29
6.271158563404837E-29
0.04733938981418129
0.08572118882302893
0.12023974927823813
0.15001346107029356
0.17516664813560648
0.19464402569648454
0.2113830580863906
0.21337117266962013
0.21413663149856918
0.2136222884731906
0.21174755091672792
0.2084677317206206
0.20379430613649532
0.19779381632239415
0.19056663852172373
0.18219416000631578
0.14105453822269262
0.09505276036990348
0.0475025794934081
-2.041283194716721E-17
-0.047502579493408116
-0.09505276036990355
-0.14105453822269282
-0.18219416000631583
-0.19056663852172392
-0.19779381632239432
-0.20379430613649532
-0.2084677317206207
-0.21174755091672798
-0.21362228847319067
-0.21413663149856926
-0.21337117266962027
-0.21138305808639066
-0.19464402569648437
-0.1751666481356064
-0.15001346107029348
-0.12023974927823818
-0.0857211888230291
-0.04733938981418141
-6.271158563404865E-29
6.017843830166494E-29
0.045358113890056936
0.08174202901944011
0.11421449811016181
0.14117059509379656
0.16253545395339994
0.17768271478976508
0.18896059433297813
0.1898318642317802
0.1897400917423198
0.18862768234974264
0.18646810312434925
0.18325477781654292
0.17900158378414932
0.17374228430764463
0.16752871330813024
0.16043821988480622
0.12557801656772813
0.08577819669076137
0.043267094280039824
-5.018232409099914E-17
-0.043267094280039914
-0.08577819669076148
-0.12557801656772813
-0.16043821988480622
-0.1675287133081305
-0.17374228430764488
-0.1790015837841495
-0.1832547778165429
-0.1864681031243493
-0.18862768234974253
-0.18974009174231954
-0.1898318642317801
-0.18896059433297813
-0.1776827147897651
-0.16253545395339966
-0.1411705950937965
-0.11421449811016182
-0.08174202901944032
-0.04535811389005709
-6.017843830166513E-29
5.736487054294894E-29
0.043163576141402635
0.07740856892031771
0.10785841613602963
0.13213070243835853
0.15039489046955665
0.1624948707901596
0.17014351883594528
0.17030591648484208
0.16965305548979565
0.16816634636033836
0.16584200799890358
0.16268684029369218
0.15871727043511008
0.15395993774596822
0.1484516717569647
0.14223554714134914
0.11195455535353975
0.07704581663399997
0.03908609242597678
-8.140214685371153E-17
-0.03908609242597695
-0.07704581663400015
-0.11195455535353986
-0.14223554714134928
-0.14845167175696491
-0.15395993774596842
-0.15871727043511025
-0.16268684029369218
-0.16584200799890353
-0.16816634636033823
-0.1696530554897954
-0.17030591648484178
-0.17014351883594497
-0.16249487079015942
-0.15039489046955626
-0.1321307024383585
-0.10785841613602956
-0.07740856892031787
-0.043163576141402774
-5.736487054294918E-29
5.430698271021722E-29
0.040778401730891575
0.07280695407990817
0.1013998806597335
0.1232627087220149
0.13909624382288863
0.14911584806181183
0.15435331685324719
0.15402690501927616
0.15297148423818846
0.15121764036570834
0.14877714364314834
0.1456644069064311
0.14190000245052375
0.13750796321425815
0.13251401499231535
0.12694643984467263
0.10011449124524573
0.06911538909964651
0.035143849089915524
-1.1371401084287682E-16
-0.035143849089915774
-0.06911538909964664
-0.10011449124524587
-0.12694643984467283
-0.1325140149923156
-0.1375079632142584
-0.14190000245052387
-0.14566440690643095
-0.1487771436431484
-0.1512176403657084
-0.1529714842381884
-0.1540269050192761
-0.1543533168532468
-0.1491158480618115
-0.13909624382288824
-0.12326270872201466
-0.10139988065973338
-0.07280695407990845
-0.04077840173089179
-5.430698271021744E-29
5.105372420765542E-29
0.03822719265689771
0.06799537677487047
0.09505106179430813
0.11481744546953522
0.128745364259996
0.13751370327666523
0.14121906465917838
0.14044857758181345
0.13908833287594075
0.13709705563054295
0.1345222068242031
0.1314166162050928
0.12781074908759466
0.12371736646019776
0.11914219898568243
0.11409188662807904
0.08992198632108411
0.062030575519378836
0.03150473603410642
-1.4756732851743605E-16
-0.03150473603410671
-0.06203057551937915
-0.08992198632108431
-0.1140918866280791
-0.1191421989856825
-0.12371736646019776
-0.12781074908759463
-0.1314166162050928
-0.13452220682420318
-0.13709705563054317
-0.13908833287594097
-0.1404485775818135
-0.14121906465917847
-0.13751370327666476
-0.1287453642599957
-0.11481744546953479
-0.09505106179430797
-0.06799537677487073
-0.03822719265689792
-5.105372420765582E-29
4.7663863196671184E-29
0.0355384598981554
0.06299025307497207
0.0889770904575546
0.10704686524834729
0.11922446757735297
0.12766381046320607
0.13054446860304225
0.12957529511215235
0.12756368711493726
0.12508812810225553
0.12233655876723597
0.11930054744390545
0.115925350857104
0.11216227711488327
0.10798187323922832
0.10337312410034216
0.08121009128789705
0.05570833755047146
0.028143945203204564
-1.8142517561399194E-16
-0.02814394520320494
-0.055708337550471804
-0.08121009128789736
-0.10337312410034205
-0.10798187323922831
-0.11216227711488318
-0.1159253508571039
-0.11930054744390538
-0.12233655876723581
-0.12508812810225553
-0.12756368711493746
-0.12957529511215243
-0.13054446860304242
-0.12766381046320566
-0.11922446757735232
-0.10704686524834671
-0.08897709045755434
-0.06299025307497243
-0.03553845989815564
-4.7663863196671413E-29
4.421440708702623E-29
0.03274711886185651
0.05776573721156507
0.08317688937153854
0.10042507343764878
0.1103381119015642
0.11871404424259313
0.1243435984304635
0.11950566770754968
0.11636990492576012
0.11399935529969606
0.11167834478031118
0.10909961841672988
0.10613903337292972
0.1027515210724993
0.09892246675172187
0.09464985667570093
0.07377225773509179
0.049967940928183914
0.024977113615565868
-2.1180066603573948E-16
-0.024977113615566326
-0.04996794092818438
-0.07377225773509209
-0.09464985667570085
-0.09892246675172175
-0.102751521072499
-0.10613903337292938
-0.10909961841672935
-0.1116783447803106
-0.11399935529969556
-0.11636990492575987
-0.11950566770754976
-0.12434359843046454
-0.11871404424259216
-0.11033811190156322
-0.100425073437648
-0.08317688937153837
-0.057765737211565575
-0.032747118861856744
-4.4214407087026536E-29
4.0726258611038235E-29
0.0298981779943169
0.0522653300049561
0.07739321597981412
0.0951028891334395
0.10423205469786107
0.10555926247880852
0.1038824449968555
0.1053082403056361
0.10575443822021623
0.105022064268402
0.10351120584248626
0.10138609005475667
0.09873747692701956
0.09559731198846207
0.09196190247173633
0.08783112259019618
0.06730969343981102
0.04454089618049856
0.021888909404220835
-2.328858371144536E-16
-0.021888909404221356
-0.04454089618049917
-0.06730969343981151
-0.08783112259019617
-0.09196190247173612
-0.09559731198846164
-0.0987374769270189
-0.10138609005475586
-0.10351120584248519
-0.10502206426840067
-0.10575443822021477
-0.10530824030563421
-0.10388244499685316
-0.10555926247880665
-0.10423205469785943
-0.09510288913343852
-0.07739321597981443
-0.052265330004956756
-0.029898177994317158
-4.0726258611038505E-29
3.7308226245639483E-29
0.027041653797834842
0.04646815865386133
0.07089247186815033
0.09098933589481271
0.10046897657311496
0.10314925827684879
0.10267922545568466
0.10190609898505328
0.10116111830628131
0.10004724650486535
0.09837978537149451
0.09628019944536216
0.09373355540541421
0.09066409635010116
0.08701431292069912
0.08274623446535286
0.061334273742819766
0.03909610509606009
0.01877052172688398
-2.339301847502986E-16
-0.018770521726884596
-0.03909610509606093
-0.0613342737428206
-0.08274623446535288
-0.08701431292069907
-0.09066409635010077
-0.09373355540541344
-0.09628019944536113
-0.09837978537149317
-0.10004724650486366
-0.10116111830627941
-0.10190609898505114
-0.10267922545568255
-0.10314925827684644
-0.10046897657311256
-0.09098933589481169
-0.07089247186815154
-0.046468158653862085
-0.02704165379783511
-3.7308226245639836E-29
3.3706573951601224E-29
0.02423766580599412
0.040401168003498494
0.06266975012260993
0.08704280648153415
0.09911461287747983
0.10246262121391189
0.10171825832009336
0.1005049253056753
0.09836419486302812
0.096959197888064
0.09528838948637736
0.09338661953523934
0.09097714056455557
0.08785325189178501
0.08386318746830501
0.07901128091914872
0.0550156206518055
0.033331409544795396
0.015566411726710269
-2.053495221236277E-16
-0.015566411726710881
-0.03333140954479644
-0.05501562065180676
-0.07901128091914898
-0.08386318746830511
-0.08785325189178499
-0.09097714056455494
-0.09338661953523851
-0.09528838948637634
-0.09695919788806263
-0.09836419486302658
-0.10050492530567352
-0.10171825832009135
-0.1024626212139095
-0.09911461287747556
-0.0870428064815347
-0.06266975012261236
-0.040401168003499244
-0.02423766580599438
-3.3706573951601645E-29
2.9946294547879067E-29
0.021514278425690633
0.03435139593315493
0.05082603018697267
0.08342564324483503
0.09446315297238736
0.0820716828150518
0.07794487041249767
0.08232937850948498
0.09531448085812351
0.09527036390338117
0.0941915288730322
0.0924738477835635
0.09007802031742569
0.08671505389478586
0.0819567837396298
0.07546233906597774
0.04705767354108598
0.027177335249567322
0.012304121247238458
-1.4307591793859823E-16
-0.01230412124723902
-0.027177335249568578
-0.047057673541088176
-0.07546233906597792
-0.0819567837396303
-0.08671505389478587
-0.09007802031742511
-0.09247384778356268
-0.09419152887303124
-0.09527036390338
-0.09531448085812241
-0.08232937850945903
-0.07794487041249158
-0.08207168281508702
-0.09446315297238553
-0.08342564324484378
-0.0508260301869752
-0.03435139593315555
-0.021514278425690897
-2.994629454787922E-29
2.734075111803065E-29
0.018865831910831226
0.028795316386694147
0.03530169081006177
0.06794348803322617
0.05437615011773726
0.04139083998149281
0.04374633528916266
0.0499980085090112
0.052411055898996674
0.05756898507392388
0.06107951990467785
0.06424032705923488
0.0673806283889838
0.06905926674321768
0.06766457479248003
0.06522450616212332
0.03590708719521705
0.021058166986319717
0.009039698973689465
-4.7382431109329207E-17
-0.009039698973689895
-0.021058166986320997
-0.03590708719522069
-0.06522450616212422
-0.06766457479248379
-0.06905926674321983
-0.06738062838898297
-0.06424032705923231
-0.06107951990467212
-0.05756898507391666
-0.05241105589898654
-0.049998008509007486
-0.043746335289185825
-0.04139083998150181
-0.054376150117741336
-0.06794348803323402
-0.03530169081006287
-0.028795316386694705
-0.018865831910831483
-2.734075111803103E-29
2.352915406766672E-29
0.016418823025793
0.02350259295997225
0.0245573222674818
0.04795736598442614
0.00620631665646938
0.005779730955811551
0.005094583614835113
0.005120843781080727
0.018545041219046952
0.02533968010228089
0.029856878556133042
0.033070029551135166
0.035498156308350154
0.037631207245753376
0.0399783541634072
0.042161967324388504
0.022394523250499548
0.01545371068831202
0.005769384793586346
5.215949791280217E-17
-0.005769384793586461
-0.01545371068831328
-0.02239452325050368
-0.042161967324395005
-0.03997835416340779
-0.03763120724575359
-0.035498156308349495
-0.03307002955113166
-0.029856878556128473
-0.025339680102277256
-0.018545041219041686
-0.005120843781080642
-0.005094583614835
-0.005779730955811464
-0.006206316656469318
-0.047957365984427264
-0.024557322267482303
-0.02350259295997272
-0.016418823025793214
-2.3529154067666994E-29
2.092543262218588E-29
0.01411380677490429
0.01909622445613549
0.015638363453986365
0.008794708634896344
0.006619093156768148
0.0057094137485137805
0.0049164511548796825
0.004718416920749994
0.0044045283725279915
0.004179167516467653
0.00400056755849991
0.00385496074026802
0.003737612183428548
0.0036465418440277592
0.0035787478597583086
0.0035232365798695884
0.0042453427484223745
0.004412519017064974
0.0028143085140918817
1.1129422884828707E-16
-0.002814308514091541
-0.004412519017064025
-0.004245342748421332
-0.0035232365798690494
-0.003578747859757821
-0.0036465418440273247
-0.003737612183428165
-0.0038549607402676793
-0.004000567558499615
-0.0041791675164673915
-0.004404528372527767
-0.004718416920749819
-0.004916451154879533
-0.005709413748513693
-0.006619093156768106
-0.00879470863489636
-0.015638363453986538
-0.019096224456135815
-0.014113806774904506
-2.0925432622186148E-29
2.5654232979039053E-29
0.012018681626896423
0.015423042807458258
0.012695136505556131
0.008904282680021846
0.006673919660193969
0.0055976502390859524
0.004656775455722071
0.00444882261118635
0.004263344191289188
0.00408109419589161
0.003917569425790835
0.0037766593879004734
0.0036594852395957353
0.003567282396753523
0.0035032561250146316
0.003476352605928859
0.0034881577899643235
0.003152773771231809
0.0019272151122080063
1.6253926565124613E-16
-0.001927215112207564
-0.0031527737712311417
-0.0034881577899636093
-0.0034763526059283347
-0.003503256125014167
-0.0035672823967531097
-0.003659485239595365
-0.003776659387900142
-0.003917569425790546
-0.004081094195891353
-0.004263344191288955
-0.004448822611186154
-0.004656775455721897
-0.0055976502390858674
-0.00667391966019393
-0.008904282680021882
-0.012695136505556252
-0.015423042807458483
-0.012018681626896599
-2.5654232979039384E-29
2.646947561026833E-29
0.008404349843424237
0.010402990275761989
0.009159452716994225
0.007386662073424743
0.00595451827494184
0.004995697000006205
0.004102974440671643
0.0039198020549040015
0.0037480018595598963
0.0035920190355580636
0.0034480054471279563
0.0033153290657075654
0.0031936760580943634
0.003082204363995189
0.0029788976771732726
0.002878974781870321
0.0024710299935629303
0.001909733156407941
0.001066293130737267
1.8566974761573062E-16
-0.0010662931307368736
-0.0019097331564075111
-0.0024710299935625014
-0.00287897478186995
-0.002978897677172926
-0.003082204363994867
-0.003193676058094068
-0.0033153290657072934
-0.003448005447127711
-0.0035920190355578385
-0.003748001859559694
-0.003919802054903825
-0.0041029744406714825
-0.004995697000006119
-0.005954518274941805
-0.007386662073424762
-0.009159452716994297
-0.010402990275762131
-0.008404349843424362
-2.6469475610268705E-29
1.795653122063416E-29
0.005608716230542297
0.006951034129946978
0.0063952655840141
0.005465118752793302
0.00461484674383379
0.003963705222471969
0.003278566643183771
0.0031279223667719687
0.002986744924434025
0.0028529703650948283
0.0027265539428405544
0.002606496237786684
0.002491604690375417
0.002380600630428564
0.0022722020525523324
0.00216558441758437
0.0017316201076117916
0.0012469624425923735
0.0006603642468680077
1.4583294080994288E-16
-0.0006603642468677134
-0.0012469624425920796
-0.001731620107611509
-0.002165584417584122
-0.0022722020525520995
-0.0023806006304283433
-0.0024916046903752116
-0.002606496237786489
-0.0027265539428403766
-0.0028529703650946635
-0.0029867449244338775
-0.0031279223667718334
-0.0032785666431836493
-0.003963705222471896
-0.004614846743833755
-0.005465118752793305
-0.0063952655840141485
-0.006951034129947057
-0.0056087162305423766
-1.7956531220634422E-29
1.0990451868892513E-29
0.0034269683143256704
0.004294268456769761
0.004054528489750213
0.003575686030668446
0.003099288171851453
0.0027066801551274
0.0022604515078582426
0.0021571871685420615
0.0020578566702730344
0.0019625186904174943
0.0018706056018408447
0.001781691417381167
0.0016952929415209757
0.0016108698945996739
0.0015278314371067292
0.001445425915398115
0.001116921463659801
0.0007777266152247954
0.0004018581834869002
9.637563745158304E-17
-0.0004018581834867088
-0.0007777266152246098
-0.0011169214636596277
-0.001445425915397964
-0.0015278314371065871
-0.0016108698945995392
-0.001695292941520849
-0.0017816914173810487
-0.001870605601840734
-0.0019625186904173946
-0.0020578566702729394
-0.0021571871685419734
-0.0022604515078581636
-0.002706680155127349
-0.0030992881718514267
-0.003575686030668446
-0.004054528489750236
-0.004294268456769806
-0.0034269683143257177
-1.0990451868892676E-29
5.2005716174081955E-30
0.001624675240912457
0.0020547827623920555
0.001967585439335999
0.0017633620867862502
0.0015494287180880411
0.001365660011036445
0.0011476818006801914
0.00109568233654064
0.0010452204787932818
0.0009961594401293997
0.0009484404546221178
0.0009019103948355278
0.0008563843530995739
0.0008116542192511847
0.0007674963479099293
0.0007237121179213551
0.0005506292996583753
0.0003777170067824108
0.00019303022808176754
4.744619535853098E-17
-0.0001930302280816737
-0.0003777170067823205
-0.0005506292996582924
-0.0007237121179212836
-0.000767496347909862
-0.00081165421925112
-0.0008563843530995131
-0.00090191039483547
-0.0009484404546220637
-0.0009961594401293491
-0.0010452204787932354
-0.0010956823365405968
-0.001147681800680152
-0.001365660011036419
-0.0015494287180880262
-0.001763362086786248
-0.0019675854393360085
-0.002054782762392076
-0.001624675240912479
-5.2005716174082726E-30
7.023597336379176E-30
2.676053750802083E-29
2.5204444650397757E-29
1.7019655021176163E-29
1.2905106734413119E-29
9.53203493169884E-30
8.486315129784052E-30
5.268137094878906E-30
1.947221869894032E-30
1.8571290086242903E-30
1.770001990542602E-30
1.6846572534328303E-30
1.6012159576724355E-30
1.5194048374598949E-30
1.4389038936942473E-30
1.3595716599977478E-30
2.9705229221903608E-30
3.73966798578166E-30
2.4730603563864506E-30
1.257570908585512E-30
3.0963392159357085E-43
-1.2575709085849003E-30
-2.4730603563858652E-30
-3.739667985781118E-30
-2.9705229221900612E-30
-1.3595716599976418E-30
-1.4389038936941384E-30
-1.519404837459787E-30
-1.6012159576723304E-30
-1.6846572534327378E-30
-1.7700019905425166E-30
-1.8571290086242143E-30
-1.9472218698939542E-30
-5.268137094878761E-30
-8.486315129783897E-30
-9.53203493169875E-30
-1.290510673441311E-29
-1.701965502117625E-29
-2.5204444650398003E-29
-2.6760537508021153E-29
-7.023597336379268E-30
